0.0206 0.0806 0.2856 0.1368 0.6819 0.0922 0.1048 0.0000 
0.0491 0.1613 0.6145 0.0873 0.1481 0.0108 0.0019 0.0000 
0.0593 0.1604 0.2185 0.1692 0.7163 0.2676 0.6605 0.0000 
0.0613 0.1727 0.7381 0.3418 0.7070 0.1606 0.1088 0.0000 
0.1215 0.0170 0.0136 0.0040 0.0029 0.0005 0.0002 0.0000 
0.1502 0.3458 0.1598 0.3013 0.3313 0.0348 0.0241 0.0000 
0.1660 0.2932 0.0992 0.3815 0.3076 0.3006 0.3503 0.0011 
0.1693 0.2477 0.1809 0.0255 0.0236 0.0031 0.0010 0.0000 
0.1728 0.3476 0.5536 0.3558 0.4870 0.5393 0.5073 0.0020 
0.1830 0.4262 0.1278 0.4562 0.4607 0.3918 0.7275 0.0001 
0.1906 0.4452 0.2849 0.4554 0.6296 0.0905 0.0517 0.0000 
0.1938 0.3938 0.4096 0.4722 0.7456 0.3268 0.3905 0.0007 
0.2197 0.4692 0.4975 0.5577 0.8096 0.5651 0.8363 0.0176 
0.2770 0.4898 0.4450 0.1677 0.2400 0.0095 0.0015 0.0011 
0.2828 0.5278 0.4747 0.6401 0.7883 0.6236 0.8611 0.8013 
0.2978 0.4528 0.6287 0.3867 0.4724 0.0712 0.0140 0.0004 
0.3017 0.3587 0.4612 0.0230 0.0263 0.0042 0.0005 0.0000 
0.3280 0.5246 0.6937 0.5605 0.8116 0.0983 0.0647 0.0005 
0.3288 0.3917 0.3657 0.3386 0.3256 0.2952 0.1857 0.0066 
0.3670 0.6271 0.2088 0.5557 0.6718 0.3370 0.4053 0.0004 
0.3822 0.4585 0.7712 0.1125 0.1523 0.0179 0.0019 0.0000 
0.4031 0.0500 0.0479 0.0036 0.0001 0.0031 0.0004 0.0000 
0.4064 0.6140 0.6753 0.6578 0.8677 0.3998 0.4621 0.0105 
0.4174 0.5342 0.7287 0.4002 0.5279 0.3767 0.2606 0.0029 
0.4222 0.2362 0.0700 0.4422 0.0721 0.0615 0.0161 0.0003 
0.4256 0.3979 0.3500 0.3984 0.3441 0.4153 0.3941 0.3813 
0.4273 0.5153 0.2306 0.6711 0.5254 0.5848 0.7449 0.0025 
0.4300 0.4521 0.1324 0.0671 0.0316 0.0052 0.0005 0.0000 
0.4335 0.1576 0.0591 0.4915 0.0442 0.4150 0.2054 0.0001 
0.4650 0.5756 0.6611 0.4835 0.5180 0.6738 0.6581 0.0047 
0.4661 0.3280 0.0889 0.5775 0.1455 0.5389 0.5506 0.0005 
0.4667 0.7618 0.7529 0.7161 0.9161 0.3745 0.4047 0.7302 
0.4678 0.6261 0.8700 0.7010 0.9649 0.7074 0.8765 0.8869 
0.4806 0.5065 0.3919 0.4368 0.3378 0.5619 0.4310 0.0141 
0.4969 0.5084 0.6527 0.1880 0.1464 0.5318 0.2357 0.0169 
0.4984 0.5002 0.3744 0.4266 0.3471 0.0554 0.0159 0.0104 
0.5081 0.4101 0.4185 0.6172 0.4438 0.3620 0.2497 0.0046 
0.5113 0.5265 0.5391 0.5023 0.5271 0.4220 0.3864 0.3669 
0.5183 0.2386 0.2737 0.0093 0.0035 0.0060 0.0026 0.0027 
0.5198 0.4626 0.0820 0.5964 0.3411 0.1111 0.0554 0.0002 
0.5375 0.6917 0.4228 0.7731 0.7347 0.6827 0.8435 0.0135 
0.5401 0.6893 0.4110 0.5899 0.7080 0.0988 0.0625 0.0013 
0.5714 0.5091 0.4383 0.0716 0.0529 0.0123 0.0023 0.0055 
0.6319 0.4846 0.0990 0.7202 0.3575 0.3929 0.3322 0.0031 
0.6333 0.8416 0.5022 0.8107 0.8577 0.7209 0.8611 0.8826 
0.6418 0.4988 0.3223 0.3436 0.0752 0.5128 0.1889 0.0026 
0.6523 0.6643 0.3553 0.5610 0.3551 0.7192 0.6218 0.0053 
0.6577 0.6989 0.4328 0.7561 0.6905 0.4482 0.4406 0.0014 
0.6639 0.6465 0.6304 0.6441 0.6268 0.6395 0.6431 0.4887 
0.6687 0.6633 0.6337 0.1322 0.1993 0.0255 0.0061 0.0006 
0.6711 0.6838 0.6333 0.4304 0.4480 0.1193 0.0509 0.0057 
0.6992 0.3929 0.0882 0.8319 0.2812 0.7059 0.6456 0.0051 
0.7098 0.1638 0.1163 0.0326 0.0030 0.0252 0.0049 0.0008 
0.7105 0.8077 0.7918 0.8875 0.8846 0.8593 0.9185 0.0862 
0.7129 0.8073 0.5802 0.4818 0.5222 0.4634 0.3604 0.0017 
0.7234 0.8361 0.9074 0.8227 0.8337 0.9050 0.8611 0.4717 
0.7370 0.8655 0.9214 0.8705 0.9621 0.7647 0.6845 0.7771 
0.7474 0.8399 0.7977 0.6253 0.5711 0.8423 0.7559 0.0071 
0.7545 0.4370 0.2716 0.5131 0.0840 0.1926 0.0321 0.0009 
0.7740 0.8712 0.8190 0.8483 0.9046 0.5516 0.5408 0.0744 
0.7855 0.5647 0.3420 0.9092 0.4530 0.8085 0.7330 0.0277 
0.7945 0.2514 0.1195 0.6688 0.0710 0.6368 0.2923 0.0006 
0.7986 0.8968 0.9186 0.9079 0.9648 0.8919 0.9467 0.9043 
0.8053 0.7455 0.5841 0.9235 0.6747 0.8744 0.8316 0.0845 
0.8099 0.8136 0.7985 0.6250 0.4499 0.9215 0.6662 0.2798 
0.8142 0.6239 0.4434 0.8959 0.5575 0.8320 0.7754 0.7048 
0.8180 0.8566 0.7686 0.7593 0.8366 0.1016 0.1205 0.0440 
0.8202 0.8882 0.8985 0.6737 0.8013 0.5853 0.5073 0.5396 
0.8211 0.1443 0.1664 0.1749 0.0009 0.6258 0.0929 0.0003 
0.8295 0.7853 0.7793 0.2659 0.1441 0.8423 0.5101 0.0372 
0.8402 0.8681 0.8777 0.5372 0.5609 0.5512 0.4072 0.0178 
0.8491 0.4177 0.4276 0.0457 0.0238 0.0336 0.0177 0.0204 
0.8516 0.6701 0.6241 0.6469 0.3235 0.8633 0.6201 0.0119 
0.8628 0.6077 0.5155 0.7421 0.4635 0.1255 0.0725 0.0488 
0.8642 0.5022 0.3519 0.6302 0.0784 0.8243 0.4845 0.0155 
0.8674 0.5676 0.3835 0.8638 0.4289 0.5044 0.3800 0.0304 
0.8836 0.7717 0.6419 0.8692 0.6918 0.5542 0.4678 0.0729 
0.8838 0.8803 0.6881 0.9002 0.7500 0.9015 0.8293 0.5429 
0.8848 0.8976 0.8531 0.8720 0.7565 0.5277 0.3632 0.4649 
0.8863 0.8473 0.8690 0.3980 0.4177 0.0872 0.0526 0.0486 
0.8928 0.9243 0.7446 0.9475 0.8960 0.9163 0.9356 0.9043 
0.8945 0.8812 0.7036 0.9301 0.8537 0.7776 0.6305 0.7774 
0.8984 0.5583 0.5009 0.2188 0.0217 0.7402 0.2451 0.0444 
0.9036 0.9293 0.9064 0.8892 0.8938 0.2596 0.2146 0.7562 
0.9043 0.6629 0.6130 0.5565 0.2381 0.5251 0.2279 0.0285 
0.9089 0.7851 0.8281 0.1248 0.1196 0.3292 0.1104 0.1505 
0.9123 0.8888 0.8805 0.4420 0.3079 0.9310 0.5648 0.4293 
0.9155 0.9486 0.9349 0.8945 0.8997 0.6215 0.4717 0.7468 
0.9265 0.7209 0.6145 0.6212 0.1892 0.9219 0.4981 0.2288 
0.9343 0.8764 0.8772 0.7808 0.5639 0.9540 0.7710 0.3950 
0.9451 0.8565 0.8343 0.6711 0.4681 0.5783 0.3060 0.3627 
0.9477 0.8883 0.8862 0.3551 0.2534 0.6377 0.2644 0.4142 
0.9520 0.7510 0.6407 0.8938 0.4450 0.9327 0.6685 0.3474 
0.9575 0.8791 0.8453 0.8348 0.7030 0.7915 0.6202 0.5543 
0.9584 0.9367 0.9343 0.6674 0.5968 0.8587 0.5973 0.7523 
0.9602 0.9260 0.9189 0.6190 0.6086 0.1400 0.1160 0.5515 
0.9642 0.9753 0.9588 0.9647 0.9495 0.9499 0.9421 0.8003 
0.9679 0.9723 0.9550 0.9272 0.9044 0.8525 0.7478 0.7821 
0.9743 0.9234 0.8829 0.9126 0.7376 0.9638 0.8675 0.8562 
0.9825 0.9884 0.9741 0.9855 0.9714 0.9781 0.9660 0.9740 
