g++ -Wall -std=c++11 -o cppbot main.cpp player.cpp skeleton/runner.cpp skeleton/states.cpp skeleton/actions.cpp -lboost_system -lboost_program_options -lpthread
player.cpp: In member function ‘virtual void Player::handle_round_over(GameState*, TerminalState*, int)’:
player.cpp:40:9: warning: unused variable ‘my_delta’ [-Wunused-variable]
     int my_delta = terminal_state->deltas[active];  // your bankroll change from this round
         ^~~~~~~~
player.cpp: In member function ‘virtual Action Player::get_action(GameState*, RoundState*, int)’:
player.cpp:72:36: error: ‘class RoundState’ has no member named ‘round_num’
     if ((NUM_ROUNDS - round_state->round_num + 1)*3 < game_state->bankroll) {
                                    ^~~~~~~~~
makefile:9: recipe for target 'cppbot' failed
make: *** [cppbot] Error 1
1 0 60
1 0 59.999
1 0 59.999
1 0 59.999
2 200 59.998
2 200 59.998
2 200 59.998
2 200 59.998
3 400 59.997
3 400 59.997
3 400 59.997
3 400 59.997
4 200 59.996
4 200 59.996
4 200 59.996
4 200 59.996
5 0 59.996
5 0 59.996
5 0 59.995
5 0 59.995
6 -200 59.995
6 -200 59.995
6 -200 59.995
6 -200 59.995
7 0 59.995
7 0 59.994
7 0 59.994
7 0 59.994
8 -200 59.994
8 -200 59.994
8 -200 59.994
8 -200 59.994
9 -400 59.993
9 -400 59.993
9 -400 59.993
9 -400 59.993
10 -600 59.993
10 -600 59.993
10 -600 59.993
10 -600 59.993
11 -800 59.992
11 -800 59.992
11 -800 59.992
11 -800 59.992
12 -1000 59.992
12 -1000 59.992
12 -1000 59.992
12 -1000 59.992
13 -800 59.991
13 -800 59.991
13 -800 59.991
13 -800 59.991
14 -1000 59.991
14 -1000 59.991
14 -1000 59.991
14 -1000 59.99
15 -1200 59.99
15 -1200 59.99
15 -1200 59.99
15 -1200 59.99
16 -1400 59.99
16 -1400 59.989
16 -1400 59.989
16 -1400 59.989
17 -1200 59.989
17 -1200 59.989
17 -1200 59.989
17 -1200 59.988
18 -1200 59.988
18 -1200 59.988
18 -1200 59.988
18 -1200 59.988
19 -1400 59.988
19 -1400 59.987
19 -1400 59.987
19 -1400 59.987
20 -1600 59.986
20 -1600 59.986
20 -1600 59.986
20 -1600 59.986
21 -1400 59.986
21 -1400 59.986
21 -1400 59.985
21 -1400 59.985
22 -1200 59.985
22 -1200 59.985
22 -1200 59.985
22 -1200 59.984
23 -1200 59.984
23 -1200 59.984
23 -1200 59.984
23 -1200 59.984
24 -1400 59.983
24 -1400 59.983
24 -1400 59.983
24 -1400 59.983
25 -1200 59.983
25 -1200 59.983
25 -1200 59.983
25 -1200 59.982
26 -1400 59.982
26 -1400 59.982
26 -1400 59.982
26 -1400 59.982
27 -1600 59.981
27 -1600 59.981
27 -1600 59.981
27 -1600 59.981
28 -1800 59.981
28 -1800 59.981
28 -1800 59.98
28 -1800 59.98
29 -1600 59.98
29 -1600 59.98
29 -1600 59.98
29 -1600 59.98
30 -1400 59.98
30 -1400 59.979
30 -1400 59.979
30 -1400 59.979
31 -1600 59.979
31 -1600 59.979
31 -1600 59.979
31 -1600 59.979
32 -1800 59.978
32 -1800 59.978
32 -1800 59.978
32 -1800 59.978
33 -2000 59.978
33 -2000 59.978
33 -2000 59.978
33 -2000 59.978
34 -1800 59.977
34 -1800 59.977
34 -1800 59.977
34 -1800 59.977
35 -1600 59.977
35 -1600 59.977
35 -1600 59.977
35 -1600 59.976
36 -1400 59.976
36 -1400 59.976
36 -1400 59.976
36 -1400 59.976
37 -1200 59.975
37 -1200 59.975
37 -1200 59.975
37 -1200 59.975
38 -1400 59.975
38 -1400 59.975
38 -1400 59.975
38 -1400 59.975
39 -1200 59.974
39 -1200 59.974
39 -1200 59.974
39 -1200 59.974
40 -1400 59.974
40 -1400 59.974
40 -1400 59.974
40 -1400 59.973
41 -1200 59.973
41 -1200 59.973
41 -1200 59.973
41 -1200 59.973
42 -1000 59.973
42 -1000 59.973
42 -1000 59.973
42 -1000 59.972
43 -800 59.972
43 -800 59.972
43 -800 59.972
43 -800 59.972
44 -1000 59.972
44 -1000 59.971
44 -1000 59.971
44 -1000 59.971
45 -800 59.971
45 -800 59.971
45 -800 59.971
45 -800 59.971
46 -1000 59.97
46 -1000 59.97
46 -1000 59.97
46 -1000 59.97
47 -1200 59.97
47 -1200 59.97
47 -1200 59.97
47 -1200 59.97
48 -1000 59.969
48 -1000 59.969
48 -1000 59.969
48 -1000 59.969
49 -1200 59.969
49 -1200 59.969
49 -1200 59.969
49 -1200 59.968
50 -1400 59.968
50 -1400 59.968
50 -1400 59.968
50 -1400 59.968
51 -1600 59.967
51 -1600 59.967
51 -1600 59.967
51 -1600 59.967
52 -1800 59.967
52 -1800 59.967
52 -1800 59.967
52 -1800 59.966
53 -2000 59.966
53 -2000 59.966
53 -2000 59.966
53 -2000 59.966
54 -2200 59.966
54 -2200 59.966
54 -2200 59.965
54 -2200 59.965
55 -2000 59.965
55 -2000 59.965
55 -2000 59.965
55 -2000 59.964
56 -1800 59.964
56 -1800 59.964
56 -1800 59.964
56 -1800 59.964
57 -1600 59.963
57 -1600 59.963
57 -1600 59.963
57 -1600 59.963
58 -1400 59.962
58 -1400 59.962
58 -1400 59.962
58 -1400 59.962
59 -1200 59.962
59 -1200 59.961
59 -1200 59.961
59 -1200 59.961
60 -1400 59.961
60 -1400 59.961
60 -1400 59.961
60 -1400 59.96
61 -1600 59.96
61 -1600 59.96
61 -1600 59.96
61 -1600 59.96
62 -1400 59.96
62 -1400 59.959
62 -1400 59.959
62 -1400 59.959
63 -1200 59.959
63 -1200 59.959
63 -1200 59.959
63 -1200 59.958
64 -1000 59.958
64 -1000 59.958
64 -1000 59.958
64 -1000 59.958
65 -1200 59.958
65 -1200 59.957
65 -1200 59.957
65 -1200 59.957
66 -1400 59.957
66 -1400 59.957
66 -1400 59.956
66 -1400 59.956
67 -1600 59.956
67 -1600 59.956
67 -1600 59.956
67 -1600 59.956
68 -1400 59.955
68 -1400 59.955
68 -1400 59.955
68 -1400 59.955
69 -1200 59.954
69 -1200 59.954
69 -1200 59.954
69 -1200 59.954
70 -1400 59.954
70 -1400 59.953
70 -1400 59.953
70 -1400 59.953
71 -1200 59.953
71 -1200 59.953
71 -1200 59.953
71 -1200 59.952
72 -1400 59.952
72 -1400 59.952
72 -1400 59.952
72 -1400 59.952
73 -1600 59.951
73 -1600 59.951
73 -1600 59.951
73 -1600 59.951
74 -1800 59.951
74 -1800 59.951
74 -1800 59.95
74 -1800 59.95
75 -2000 59.95
75 -2000 59.95
75 -2000 59.95
75 -2000 59.95
76 -2200 59.949
76 -2200 59.949
76 -2200 59.949
76 -2200 59.949
77 -2400 59.949
77 -2400 59.949
77 -2400 59.948
77 -2400 59.948
78 -2600 59.948
78 -2600 59.948
78 -2600 59.948
78 -2600 59.947
79 -2400 59.947
79 -2400 59.947
79 -2400 59.946
79 -2400 59.946
80 -2600 59.946
80 -2600 59.945
80 -2600 59.945
80 -2600 59.945
81 -2800 59.945
81 -2800 59.945
81 -2800 59.944
81 -2800 59.944
82 -3000 59.944
82 -3000 59.944
82 -3000 59.943
82 -3000 59.943
83 -2800 59.943
83 -2800 59.943
83 -2800 59.943
83 -2800 59.943
84 -3000 59.942
84 -3000 59.942
84 -3000 59.942
84 -3000 59.942
85 -3200 59.942
85 -3200 59.942
85 -3200 59.941
85 -3200 59.941
86 -3000 59.941
86 -3000 59.941
86 -3000 59.941
86 -3000 59.941
87 -2800 59.94
87 -2800 59.94
87 -2800 59.94
87 -2800 59.94
88 -3000 59.94
88 -3000 59.94
88 -3000 59.939
88 -3000 59.939
89 -2800 59.939
89 -2800 59.939
89 -2800 59.939
89 -2800 59.939
90 -2600 59.939
90 -2600 59.938
90 -2600 59.938
90 -2600 59.938
91 -2800 59.938
91 -2800 59.938
91 -2800 59.938
91 -2800 59.938
92 -2600 59.937
92 -2600 59.937
92 -2600 59.937
92 -2600 59.937
93 -2800 59.937
93 -2800 59.937
93 -2800 59.937
93 -2800 59.936
94 -2600 59.936
94 -2600 59.936
94 -2600 59.936
94 -2600 59.936
95 -2400 59.935
95 -2400 59.935
95 -2400 59.935
95 -2400 59.935
96 -2200 59.935
96 -2200 59.935
96 -2200 59.935
96 -2200 59.934
97 -2000 59.934
97 -2000 59.934
97 -2000 59.934
97 -2000 59.934
98 -1800 59.933
98 -1800 59.933
98 -1800 59.933
98 -1800 59.933
99 -2000 59.932
99 -2000 59.932
99 -2000 59.932
99 -2000 59.932
100 -2200 59.932
100 -2200 59.931
100 -2200 59.931
100 -2200 59.931
101 -2400 59.931
101 -2400 59.931
101 -2400 59.93
101 -2400 59.93
102 -2200 59.93
102 -2200 59.93
102 -2200 59.93
102 -2200 59.929
103 -2000 59.929
103 -2000 59.929
103 -2000 59.929
103 -2000 59.929
104 -2200 59.928
104 -2200 59.928
104 -2200 59.928
104 -2200 59.928
105 -2400 59.928
105 -2400 59.927
105 -2400 59.927
105 -2400 59.927
106 -2600 59.927
106 -2600 59.927
106 -2600 59.927
106 -2600 59.926
107 -2400 59.926
107 -2400 59.926
107 -2400 59.926
107 -2400 59.926
108 -2200 59.925
108 -2200 59.925
108 -2200 59.925
108 -2200 59.925
109 -2400 59.925
109 -2400 59.925
109 -2400 59.925
109 -2400 59.924
110 -2600 59.924
110 -2600 59.924
110 -2600 59.924
110 -2600 59.924
111 -2400 59.924
111 -2400 59.923
111 -2400 59.923
111 -2400 59.923
112 -2200 59.923
112 -2200 59.923
112 -2200 59.923
112 -2200 59.922
113 -2400 59.922
113 -2400 59.922
113 -2400 59.922
113 -2400 59.922
114 -2200 59.922
114 -2200 59.922
114 -2200 59.922
114 -2200 59.921
115 -2000 59.921
115 -2000 59.921
115 -2000 59.921
115 -2000 59.921
116 -2200 59.921
116 -2200 59.921
116 -2200 59.92
116 -2200 59.92
117 -2400 59.92
117 -2400 59.92
117 -2400 59.92
117 -2400 59.92
118 -2400 59.92
118 -2400 59.919
118 -2400 59.919
118 -2400 59.919
119 -2200 59.919
119 -2200 59.919
119 -2200 59.919
119 -2200 59.919
120 -2400 59.919
120 -2400 59.918
120 -2400 59.918
120 -2400 59.918
121 -2200 59.918
121 -2200 59.918
121 -2200 59.918
121 -2200 59.918
122 -2000 59.917
122 -2000 59.917
122 -2000 59.917
122 -2000 59.917
123 -1800 59.917
123 -1800 59.917
123 -1800 59.917
123 -1800 59.917
124 -2000 59.916
124 -2000 59.916
124 -2000 59.916
124 -2000 59.916
125 -2200 59.916
125 -2200 59.916
125 -2200 59.916
125 -2200 59.916
126 -2400 59.915
126 -2400 59.915
126 -2400 59.915
126 -2400 59.915
127 -2600 59.915
127 -2600 59.915
127 -2600 59.915
127 -2600 59.914
128 -2800 59.914
128 -2800 59.914
128 -2800 59.914
128 -2800 59.914
129 -3000 59.914
129 -3000 59.914
129 -3000 59.913
129 -3000 59.913
130 -2800 59.913
130 -2800 59.913
130 -2800 59.913
130 -2800 59.913
131 -3000 59.913
131 -3000 59.912
131 -3000 59.912
131 -3000 59.912
132 -3200 59.912
132 -3200 59.912
132 -3200 59.912
132 -3200 59.912
133 -3000 59.912
133 -3000 59.911
133 -3000 59.911
133 -3000 59.911
134 -2800 59.911
134 -2800 59.911
134 -2800 59.911
134 -2800 59.911
135 -2600 59.91
135 -2600 59.91
135 -2600 59.91
135 -2600 59.91
136 -2800 59.91
136 -2800 59.91
136 -2800 59.91
136 -2800 59.91
137 -3000 59.909
137 -3000 59.909
137 -3000 59.909
137 -3000 59.909
138 -3200 59.909
138 -3200 59.909
138 -3200 59.908
138 -3200 59.908
139 -3000 59.908
139 -3000 59.908
139 -3000 59.908
139 -3000 59.908
140 -2800 59.908
140 -2800 59.907
140 -2800 59.907
140 -2800 59.907
141 -3000 59.907
141 -3000 59.907
141 -3000 59.907
141 -3000 59.906
142 -2800 59.906
142 -2800 59.906
142 -2800 59.906
142 -2800 59.906
143 -3000 59.906
143 -3000 59.906
143 -3000 59.906
143 -3000 59.905
144 -2800 59.905
144 -2800 59.905
144 -2800 59.905
144 -2800 59.905
145 -3000 59.905
145 -3000 59.905
145 -3000 59.904
145 -3000 59.904
146 -3200 59.904
146 -3200 59.904
146 -3200 59.904
146 -3200 59.904
147 -3000 59.904
147 -3000 59.903
147 -3000 59.903
147 -3000 59.903
148 -3200 59.903
148 -3200 59.903
148 -3200 59.903
148 -3200 59.903
149 -3400 59.902
149 -3400 59.902
149 -3400 59.902
149 -3400 59.902
150 -3200 59.902
150 -3200 59.902
150 -3200 59.902
150 -3200 59.902
151 -3400 59.901
151 -3400 59.901
151 -3400 59.901
151 -3400 59.901
152 -3600 59.901
152 -3600 59.901
152 -3600 59.901
152 -3600 59.901
153 -3800 59.9
153 -3800 59.9
153 -3800 59.9
153 -3800 59.9
154 -4000 59.9
154 -4000 59.9
154 -4000 59.899
154 -4000 59.899
155 -3800 59.899
155 -3800 59.899
155 -3800 59.899
155 -3800 59.899
156 -3600 59.898
156 -3600 59.898
156 -3600 59.898
156 -3600 59.898
157 -3400 59.898
157 -3400 59.898
157 -3400 59.898
157 -3400 59.897
158 -3200 59.897
158 -3200 59.897
158 -3200 59.897
158 -3200 59.897
159 -3400 59.897
159 -3400 59.896
159 -3400 59.896
159 -3400 59.896
160 -3600 59.896
160 -3600 59.895
160 -3600 59.895
160 -3600 59.895
161 -3400 59.895
161 -3400 59.894
161 -3400 59.894
161 -3400 59.894
162 -3600 59.894
162 -3600 59.893
162 -3600 59.893
162 -3600 59.893
163 -3400 59.892
163 -3400 59.892
163 -3400 59.892
163 -3400 59.892
164 -3200 59.891
164 -3200 59.891
164 -3200 59.891
164 -3200 59.891
165 -3000 59.891
165 -3000 59.89
165 -3000 59.89
165 -3000 59.89
166 -2800 59.89
166 -2800 59.89
166 -2800 59.889
166 -2800 59.889
167 -3000 59.889
167 -3000 59.889
167 -3000 59.889
167 -3000 59.888
168 -3200 59.888
168 -3200 59.888
168 -3200 59.888
168 -3200 59.888
169 -3000 59.887
169 -3000 59.887
169 -3000 59.887
169 -3000 59.887
170 -2800 59.887
170 -2800 59.886
170 -2800 59.886
170 -2800 59.886
171 -2600 59.886
171 -2600 59.886
171 -2600 59.886
171 -2600 59.885
172 -2800 59.885
172 -2800 59.885
172 -2800 59.885
172 -2800 59.885
173 -3000 59.884
173 -3000 59.884
173 -3000 59.884
173 -3000 59.884
174 -3200 59.884
174 -3200 59.884
174 -3200 59.884
174 -3200 59.883
175 -3000 59.883
175 -3000 59.883
175 -3000 59.883
175 -3000 59.883
176 -3200 59.882
176 -3200 59.882
176 -3200 59.882
176 -3200 59.882
177 -3000 59.882
177 -3000 59.882
177 -3000 59.881
177 -3000 59.881
178 -3200 59.881
178 -3200 59.881
178 -3200 59.881
178 -3200 59.881
179 -3400 59.88
179 -3400 59.88
179 -3400 59.88
179 -3400 59.88
180 -3600 59.88
180 -3600 59.88
180 -3600 59.879
180 -3600 59.879
181 -3400 59.879
181 -3400 59.879
181 -3400 59.879
181 -3400 59.879
182 -3600 59.878
182 -3600 59.878
182 -3600 59.878
182 -3600 59.878
183 -3800 59.878
183 -3800 59.878
183 -3800 59.877
183 -3800 59.877
184 -4000 59.877
184 -4000 59.877
184 -4000 59.877
184 -4000 59.877
185 -4200 59.876
185 -4200 59.876
185 -4200 59.876
185 -4200 59.876
186 -4400 59.876
186 -4400 59.876
186 -4400 59.875
186 -4400 59.875
187 -4600 59.875
187 -4600 59.875
187 -4600 59.875
187 -4600 59.875
188 -4400 59.874
188 -4400 59.874
188 -4400 59.874
188 -4400 59.874
189 -4600 59.874
189 -4600 59.874
189 -4600 59.873
189 -4600 59.873
190 -4400 59.873
190 -4400 59.873
190 -4400 59.873
190 -4400 59.873
191 -4600 59.872
191 -4600 59.872
191 -4600 59.872
191 -4600 59.872
192 -4400 59.872
192 -4400 59.872
192 -4400 59.871
192 -4400 59.871
193 -4200 59.871
193 -4200 59.87
193 -4200 59.87
193 -4200 59.87
194 -4400 59.869
194 -4400 59.869
194 -4400 59.869
194 -4400 59.869
195 -4200 59.869
195 -4200 59.868
195 -4200 59.868
195 -4200 59.868
196 -4400 59.868
196 -4400 59.868
196 -4400 59.867
196 -4400 59.867
197 -4200 59.867
197 -4200 59.867
197 -4200 59.867
197 -4200 59.866
198 -4400 59.866
198 -4400 59.866
198 -4400 59.866
198 -4400 59.866
199 -4600 59.865
199 -4600 59.865
199 -4600 59.865
199 -4600 59.865
200 -4400 59.864
200 -4400 59.864
200 -4400 59.864
200 -4400 59.864
201 -4200 59.863
201 -4200 59.863
201 -4200 59.863
201 -4200 59.863
202 -4000 59.863
202 -4000 59.862
202 -4000 59.862
202 -4000 59.862
203 -3800 59.862
203 -3800 59.862
203 -3800 59.862
203 -3800 59.861
204 -3600 59.861
204 -3600 59.861
204 -3600 59.861
204 -3600 59.861
205 -3800 59.86
205 -3800 59.86
205 -3800 59.86
205 -3800 59.86
206 -3600 59.86
206 -3600 59.859
206 -3600 59.859
206 -3600 59.859
207 -3800 59.859
207 -3800 59.859
207 -3800 59.859
207 -3800 59.858
208 -4000 59.858
208 -4000 59.858
208 -4000 59.858
208 -4000 59.858
209 -3800 59.857
209 -3800 59.857
209 -3800 59.857
209 -3800 59.857
210 -4000 59.857
210 -4000 59.857
210 -4000 59.856
210 -4000 59.856
211 -4200 59.856
211 -4200 59.856
211 -4200 59.856
211 -4200 59.856
212 -4000 59.855
212 -4000 59.855
212 -4000 59.855
212 -4000 59.855
213 -4200 59.855
213 -4200 59.854
213 -4200 59.854
213 -4200 59.854
214 -4400 59.854
214 -4400 59.854
214 -4400 59.854
214 -4400 59.853
215 -4200 59.853
215 -4200 59.853
215 -4200 59.853
215 -4200 59.853
216 -4400 59.852
216 -4400 59.852
216 -4400 59.852
216 -4400 59.852
217 -4600 59.852
217 -4600 59.851
217 -4600 59.851
217 -4600 59.851
218 -4800 59.851
218 -4800 59.851
218 -4800 59.851
218 -4800 59.85
219 -4600 59.85
219 -4600 59.85
219 -4600 59.85
219 -4600 59.85
220 -4800 59.849
220 -4800 59.849
220 -4800 59.849
220 -4800 59.849
221 -5000 59.849
221 -5000 59.848
221 -5000 59.848
221 -5000 59.848
222 -4800 59.848
222 -4800 59.848
222 -4800 59.848
222 -4800 59.847
223 -5000 59.847
223 -5000 59.847
223 -5000 59.847
223 -5000 59.847
224 -4800 59.847
224 -4800 59.846
224 -4800 59.846
224 -4800 59.846
225 -4600 59.846
225 -4600 59.846
225 -4600 59.846
225 -4600 59.846
226 -4800 59.846
226 -4800 59.845
226 -4800 59.845
226 -4800 59.845
227 -4600 59.845
227 -4600 59.845
227 -4600 59.845
227 -4600 59.845
228 -4800 59.844
228 -4800 59.844
228 -4800 59.844
228 -4800 59.844
229 -5000 59.844
229 -5000 59.844
229 -5000 59.844
229 -5000 59.844
230 -5200 59.843
230 -5200 59.843
230 -5200 59.843
230 -5200 59.843
231 -5400 59.843
231 -5400 59.843
231 -5400 59.842
231 -5400 59.842
232 -5200 59.842
232 -5200 59.842
232 -5200 59.842
232 -5200 59.841
233 -5000 59.841
233 -5000 59.841
233 -5000 59.841
233 -5000 59.841
234 -5200 59.84
234 -5200 59.84
234 -5200 59.84
234 -5200 59.84
235 -5000 59.84
235 -5000 59.839
235 -5000 59.839
235 -5000 59.839
236 -5200 59.839
236 -5200 59.839
236 -5200 59.838
236 -5200 59.838
237 -5000 59.838
237 -5000 59.838
237 -5000 59.838
237 -5000 59.837
238 -4800 59.837
238 -4800 59.837
238 -4800 59.837
238 -4800 59.837
239 -4600 59.836
239 -4600 59.836
239 -4600 59.836
239 -4600 59.836
240 -4800 59.836
240 -4800 59.836
240 -4800 59.835
240 -4800 59.835
241 -5000 59.835
241 -5000 59.835
241 -5000 59.835
241 -5000 59.834
242 -4800 59.834
242 -4800 59.834
242 -4800 59.834
242 -4800 59.834
243 -4600 59.834
243 -4600 59.833
243 -4600 59.833
243 -4600 59.833
244 -4400 59.833
244 -4400 59.833
244 -4400 59.833
244 -4400 59.832
245 -4400 59.832
245 -4400 59.832
245 -4400 59.832
245 -4400 59.832
246 -4200 59.832
246 -4200 59.831
246 -4200 59.831
246 -4200 59.831
247 -4000 59.831
247 -4000 59.831
247 -4000 59.831
247 -4000 59.83
248 -3800 59.83
248 -3800 59.83
248 -3800 59.83
248 -3800 59.83
249 -3600 59.83
249 -3600 59.829
249 -3600 59.829
249 -3600 59.829
250 -3400 59.829
250 -3400 59.829
250 -3400 59.829
250 -3400 59.829
251 -3200 59.828
251 -3200 59.828
251 -3200 59.828
251 -3200 59.828
252 -3400 59.828
252 -3400 59.828
252 -3400 59.828
252 -3400 59.827
253 -3200 59.827
253 -3200 59.827
253 -3200 59.827
253 -3200 59.827
254 -3400 59.827
254 -3400 59.827
254 -3400 59.826
254 -3400 59.826
255 -3600 59.826
255 -3600 59.826
255 -3600 59.826
255 -3600 59.826
256 -3800 59.826
256 -3800 59.826
256 -3800 59.825
256 -3800 59.825
257 -3600 59.825
257 -3600 59.825
257 -3600 59.825
257 -3600 59.825
258 -3400 59.825
258 -3400 59.824
258 -3400 59.824
258 -3400 59.824
259 -3600 59.824
259 -3600 59.824
259 -3600 59.824
259 -3600 59.824
260 -3400 59.824
260 -3400 59.823
260 -3400 59.823
260 -3400 59.823
261 -3600 59.823
261 -3600 59.823
261 -3600 59.823
261 -3600 59.823
262 -3800 59.822
262 -3800 59.822
262 -3800 59.822
262 -3800 59.822
263 -3600 59.822
263 -3600 59.822
263 -3600 59.822
263 -3600 59.822
264 -3800 59.821
264 -3800 59.821
264 -3800 59.821
264 -3800 59.821
265 -4000 59.82
265 -4000 59.82
265 -4000 59.82
265 -4000 59.82
266 -4200 59.82
266 -4200 59.82
266 -4200 59.82
266 -4200 59.82
267 -4400 59.819
267 -4400 59.819
267 -4400 59.819
267 -4400 59.819
268 -4200 59.819
268 -4200 59.818
268 -4200 59.818
268 -4200 59.818
269 -4400 59.818
269 -4400 59.818
269 -4400 59.818
269 -4400 59.817
270 -4600 59.817
270 -4600 59.817
270 -4600 59.817
270 -4600 59.817
271 -4800 59.817
271 -4800 59.816
271 -4800 59.816
271 -4800 59.816
272 -4600 59.816
272 -4600 59.816
272 -4600 59.816
272 -4600 59.815
273 -4400 59.815
273 -4400 59.815
273 -4400 59.815
273 -4400 59.815
274 -4600 59.815
274 -4600 59.814
274 -4600 59.814
274 -4600 59.814
275 -4400 59.814
275 -4400 59.814
275 -4400 59.813
275 -4400 59.813
276 -4200 59.813
276 -4200 59.813
276 -4200 59.813
276 -4200 59.812
277 -4000 59.812
277 -4000 59.812
277 -4000 59.812
277 -4000 59.812
278 -4200 59.811
278 -4200 59.811
278 -4200 59.811
278 -4200 59.811
279 -4000 59.811
279 -4000 59.81
279 -4000 59.81
279 -4000 59.81
280 -3800 59.81
280 -3800 59.81
280 -3800 59.81
280 -3800 59.809
281 -3600 59.809
281 -3600 59.809
281 -3600 59.809
281 -3600 59.809
282 -3800 59.808
282 -3800 59.808
282 -3800 59.808
282 -3800 59.808
283 -3600 59.808
283 -3600 59.808
283 -3600 59.807
283 -3600 59.807
284 -3400 59.807
284 -3400 59.807
284 -3400 59.807
284 -3400 59.807
285 -3600 59.806
285 -3600 59.806
285 -3600 59.806
285 -3600 59.806
286 -3800 59.806
286 -3800 59.806
286 -3800 59.806
286 -3800 59.805
287 -3800 59.805
287 -3800 59.805
287 -3800 59.805
287 -3800 59.805
288 -4000 59.805
288 -4000 59.805
288 -4000 59.805
288 -4000 59.804
289 -3800 59.804
289 -3800 59.804
289 -3800 59.804
289 -3800 59.804
290 -3600 59.804
290 -3600 59.804
290 -3600 59.803
290 -3600 59.803
291 -3800 59.803
291 -3800 59.803
291 -3800 59.803
291 -3800 59.803
292 -4000 59.803
292 -4000 59.802
292 -4000 59.802
292 -4000 59.802
293 -4200 59.802
293 -4200 59.802
293 -4200 59.802
293 -4200 59.802
294 -4000 59.801
294 -4000 59.801
294 -4000 59.801
294 -4000 59.801
295 -3800 59.801
295 -3800 59.801
295 -3800 59.801
295 -3800 59.8
296 -4000 59.8
296 -4000 59.8
296 -4000 59.8
296 -4000 59.8
297 -4200 59.8
297 -4200 59.8
297 -4200 59.8
297 -4200 59.799
298 -4000 59.799
298 -4000 59.799
298 -4000 59.799
298 -4000 59.799
299 -4200 59.799
299 -4200 59.799
299 -4200 59.798
299 -4200 59.798
300 -4400 59.798
300 -4400 59.798
300 -4400 59.798
300 -4400 59.798
301 -4200 59.797
301 -4200 59.797
301 -4200 59.797
301 -4200 59.797
302 -4400 59.797
302 -4400 59.796
302 -4400 59.796
302 -4400 59.796
303 -4400 59.796
303 -4400 59.796
303 -4400 59.795
303 -4400 59.795
304 -4600 59.795
304 -4600 59.795
304 -4600 59.795
304 -4600 59.795
305 -4800 59.794
305 -4800 59.794
305 -4800 59.794
305 -4800 59.794
306 -4600 59.794
306 -4600 59.794
306 -4600 59.793
306 -4600 59.793
307 -4400 59.793
307 -4400 59.793
307 -4400 59.793
307 -4400 59.793
308 -4600 59.793
308 -4600 59.792
308 -4600 59.792
308 -4600 59.792
309 -4400 59.792
309 -4400 59.792
309 -4400 59.792
309 -4400 59.792
310 -4200 59.792
310 -4200 59.791
310 -4200 59.791
310 -4200 59.791
311 -4400 59.791
311 -4400 59.791
311 -4400 59.791
311 -4400 59.79
312 -4200 59.79
312 -4200 59.79
312 -4200 59.79
312 -4200 59.79
313 -4400 59.79
313 -4400 59.789
313 -4400 59.789
313 -4400 59.789
314 -4200 59.789
314 -4200 59.789
314 -4200 59.789
314 -4200 59.789
315 -4400 59.788
315 -4400 59.788
315 -4400 59.788
315 -4400 59.788
316 -4600 59.788
316 -4600 59.788
316 -4600 59.787
316 -4600 59.787
317 -4400 59.787
317 -4400 59.787
317 -4400 59.787
317 -4400 59.787
318 -4200 59.786
318 -4200 59.786
318 -4200 59.786
318 -4200 59.786
319 -4400 59.786
319 -4400 59.786
319 -4400 59.786
319 -4400 59.785
320 -4600 59.785
320 -4600 59.785
320 -4600 59.785
320 -4600 59.785
321 -4800 59.784
321 -4800 59.784
321 -4800 59.784
321 -4800 59.784
322 -4600 59.784
322 -4600 59.783
322 -4600 59.783
322 -4600 59.783
323 -4400 59.783
323 -4400 59.783
323 -4400 59.783
323 -4400 59.783
324 -4600 59.782
324 -4600 59.782
324 -4600 59.782
324 -4600 59.782
325 -4400 59.782
325 -4400 59.782
325 -4400 59.782
325 -4400 59.782
326 -4200 59.781
326 -4200 59.781
326 -4200 59.781
326 -4200 59.781
327 -4400 59.781
327 -4400 59.781
327 -4400 59.78
327 -4400 59.78
328 -4200 59.78
328 -4200 59.78
328 -4200 59.78
328 -4200 59.78
329 -4400 59.779
329 -4400 59.779
329 -4400 59.779
329 -4400 59.779
330 -4200 59.779
330 -4200 59.779
330 -4200 59.779
330 -4200 59.778
331 -4400 59.778
331 -4400 59.778
331 -4400 59.778
331 -4400 59.778
332 -4200 59.777
332 -4200 59.777
332 -4200 59.777
332 -4200 59.777
333 -4000 59.777
333 -4000 59.777
333 -4000 59.777
333 -4000 59.777
334 -4200 59.776
334 -4200 59.776
334 -4200 59.776
334 -4200 59.776
335 -4000 59.776
335 -4000 59.776
335 -4000 59.775
335 -4000 59.775
336 -3800 59.775
336 -3800 59.775
336 -3800 59.775
336 -3800 59.774
337 -4000 59.774
337 -4000 59.774
337 -4000 59.774
337 -4000 59.774
338 -4200 59.774
338 -4200 59.773
338 -4200 59.773
338 -4200 59.773
339 -4200 59.773
339 -4200 59.773
339 -4200 59.773
339 -4200 59.773
340 -4400 59.772
340 -4400 59.772
340 -4400 59.772
340 -4400 59.772
341 -4200 59.772
341 -4200 59.771
341 -4200 59.771
341 -4200 59.771
342 -4400 59.771
342 -4400 59.771
342 -4400 59.771
342 -4400 59.77
343 -4600 59.77
343 -4600 59.77
343 -4600 59.77
343 -4600 59.77
344 -4800 59.77
344 -4800 59.77
344 -4800 59.769
344 -4800 59.769
345 -5000 59.769
345 -5000 59.769
345 -5000 59.769
345 -5000 59.769
346 -5200 59.768
346 -5200 59.768
346 -5200 59.768
346 -5200 59.768
347 -5400 59.768
347 -5400 59.768
347 -5400 59.768
347 -5400 59.767
348 -5600 59.767
348 -5600 59.767
348 -5600 59.767
348 -5600 59.767
349 -5600 59.767
349 -5600 59.767
349 -5600 59.766
349 -5600 59.766
350 -5400 59.766
350 -5400 59.766
350 -5400 59.766
350 -5400 59.766
351 -5600 59.766
351 -5600 59.765
351 -5600 59.765
351 -5600 59.765
352 -5800 59.765
352 -5800 59.765
352 -5800 59.765
352 -5800 59.765
353 -5600 59.765
353 -5600 59.764
353 -5600 59.764
353 -5600 59.764
354 -5400 59.764
354 -5400 59.764
354 -5400 59.764
354 -5400 59.764
355 -5200 59.763
355 -5200 59.763
355 -5200 59.763
355 -5200 59.763
356 -5000 59.762
356 -5000 59.762
356 -5000 59.762
356 -5000 59.762
357 -4800 59.762
357 -4800 59.762
357 -4800 59.761
357 -4800 59.761
358 -5000 59.761
358 -5000 59.761
358 -5000 59.761
358 -5000 59.76
359 -5200 59.76
359 -5200 59.76
359 -5200 59.76
359 -5200 59.76
360 -5400 59.76
360 -5400 59.76
360 -5400 59.759
360 -5400 59.759
361 -5200 59.759
361 -5200 59.759
361 -5200 59.759
361 -5200 59.759
362 -5400 59.759
362 -5400 59.758
362 -5400 59.758
362 -5400 59.758
363 -5600 59.758
363 -5600 59.758
363 -5600 59.758
363 -5600 59.757
364 -5400 59.757
364 -5400 59.757
364 -5400 59.757
364 -5400 59.757
365 -5200 59.757
365 -5200 59.756
365 -5200 59.756
365 -5200 59.756
366 -5200 59.756
366 -5200 59.756
366 -5200 59.756
366 -5200 59.755
367 -5400 59.755
367 -5400 59.755
367 -5400 59.755
367 -5400 59.755
368 -5600 59.754
368 -5600 59.754
368 -5600 59.754
368 -5600 59.754
369 -5400 59.754
369 -5400 59.753
369 -5400 59.753
369 -5400 59.753
370 -5600 59.753
370 -5600 59.753
370 -5600 59.753
370 -5600 59.753
371 -5400 59.752
371 -5400 59.752
371 -5400 59.752
371 -5400 59.752
372 -5200 59.752
372 -5200 59.752
372 -5200 59.752
372 -5200 59.752
373 -5000 59.751
373 -5000 59.751
373 -5000 59.751
373 -5000 59.751
374 -5200 59.751
374 -5200 59.751
374 -5200 59.75
374 -5200 59.75
375 -5000 59.75
375 -5000 59.75
375 -5000 59.75
375 -5000 59.75
376 -4800 59.749
376 -4800 59.749
376 -4800 59.749
376 -4800 59.749
377 -5000 59.749
377 -5000 59.748
377 -5000 59.748
377 -5000 59.748
378 -4800 59.748
378 -4800 59.748
378 -4800 59.747
378 -4800 59.747
379 -5000 59.747
379 -5000 59.747
379 -5000 59.747
379 -5000 59.747
380 -4800 59.746
380 -4800 59.746
380 -4800 59.746
380 -4800 59.746
381 -4600 59.745
381 -4600 59.745
381 -4600 59.745
381 -4600 59.744
382 -4400 59.744
382 -4400 59.744
382 -4400 59.744
382 -4400 59.744
383 -4200 59.743
383 -4200 59.743
383 -4200 59.743
383 -4200 59.743
384 -4400 59.743
384 -4400 59.743
384 -4400 59.742
384 -4400 59.742
385 -4200 59.742
385 -4200 59.742
385 -4200 59.742
385 -4200 59.742
386 -4000 59.741
386 -4000 59.741
386 -4000 59.741
386 -4000 59.741
387 -4200 59.741
387 -4200 59.741
387 -4200 59.741
387 -4200 59.741
388 -4000 59.74
388 -4000 59.74
388 -4000 59.74
388 -4000 59.74
389 -4200 59.74
389 -4200 59.74
389 -4200 59.739
389 -4200 59.739
390 -4400 59.739
390 -4400 59.739
390 -4400 59.739
390 -4400 59.738
391 -4600 59.738
391 -4600 59.738
391 -4600 59.738
391 -4600 59.738
392 -4800 59.737
392 -4800 59.737
392 -4800 59.737
392 -4800 59.737
393 -5000 59.737
393 -5000 59.736
393 -5000 59.736
393 -5000 59.736
394 -5200 59.736
394 -5200 59.736
394 -5200 59.736
394 -5200 59.736
395 -5000 59.735
395 -5000 59.735
395 -5000 59.735
395 -5000 59.735
396 -5000 59.735
396 -5000 59.735
396 -5000 59.735
396 -5000 59.735
397 -5000 59.734
397 -5000 59.734
397 -5000 59.734
397 -5000 59.734
398 -4800 59.734
398 -4800 59.734
398 -4800 59.734
398 -4800 59.734
399 -4600 59.733
399 -4600 59.733
399 -4600 59.733
399 -4600 59.733
400 -4800 59.733
400 -4800 59.732
400 -4800 59.732
400 -4800 59.732
401 -5000 59.732
401 -5000 59.732
401 -5000 59.732
401 -5000 59.731
402 -5200 59.731
402 -5200 59.731
402 -5200 59.731
402 -5200 59.731
403 -5400 59.731
403 -5400 59.73
403 -5400 59.73
403 -5400 59.73
404 -5600 59.73
404 -5600 59.73
404 -5600 59.73
404 -5600 59.73
405 -5800 59.729
405 -5800 59.729
405 -5800 59.729
405 -5800 59.729
406 -6000 59.729
406 -6000 59.729
406 -6000 59.729
406 -6000 59.729
407 -6200 59.728
407 -6200 59.728
407 -6200 59.728
407 -6200 59.728
408 -6000 59.728
408 -6000 59.727
408 -6000 59.727
408 -6000 59.727
409 -6200 59.727
409 -6200 59.727
409 -6200 59.727
409 -6200 59.727
410 -6400 59.726
410 -6400 59.726
410 -6400 59.726
410 -6400 59.726
411 -6200 59.726
411 -6200 59.725
411 -6200 59.725
411 -6200 59.725
412 -6400 59.725
412 -6400 59.725
412 -6400 59.725
412 -6400 59.724
413 -6600 59.724
413 -6600 59.724
413 -6600 59.724
413 -6600 59.723
414 -6800 59.723
414 -6800 59.723
414 -6800 59.723
414 -6800 59.723
415 -7000 59.722
415 -7000 59.722
415 -7000 59.722
415 -7000 59.722
416 -7200 59.722
416 -7200 59.722
416 -7200 59.722
416 -7200 59.722
417 -7400 59.721
417 -7400 59.721
417 -7400 59.721
417 -7400 59.721
418 -7600 59.721
418 -7600 59.721
418 -7600 59.72
418 -7600 59.72
419 -7800 59.72
419 -7800 59.72
419 -7800 59.72
419 -7800 59.72
420 -7800 59.719
420 -7800 59.719
420 -7800 59.719
420 -7800 59.719
421 -8000 59.719
421 -8000 59.719
421 -8000 59.719
421 -8000 59.719
422 -7800 59.718
422 -7800 59.718
422 -7800 59.718
422 -7800 59.718
423 -8000 59.718
423 -8000 59.718
423 -8000 59.717
423 -8000 59.717
424 -8200 59.717
424 -8200 59.717
424 -8200 59.717
424 -8200 59.717
425 -8400 59.716
425 -8400 59.716
425 -8400 59.716
425 -8400 59.716
426 -8200 59.716
426 -8200 59.716
426 -8200 59.716
426 -8200 59.715
427 -8000 59.715
427 -8000 59.715
427 -8000 59.715
427 -8000 59.715
428 -8200 59.714
428 -8200 59.714
428 -8200 59.714
428 -8200 59.714
429 -8000 59.714
429 -8000 59.714
429 -8000 59.713
429 -8000 59.713
430 -8200 59.713
430 -8200 59.713
430 -8200 59.713
430 -8200 59.713
431 -8400 59.713
431 -8400 59.712
431 -8400 59.712
431 -8400 59.712
432 -8200 59.712
432 -8200 59.712
432 -8200 59.712
432 -8200 59.712
433 -8000 59.711
433 -8000 59.711
433 -8000 59.711
433 -8000 59.711
434 -8200 59.711
434 -8200 59.711
434 -8200 59.711
434 -8200 59.71
435 -8400 59.71
435 -8400 59.71
435 -8400 59.71
435 -8400 59.71
436 -8600 59.71
436 -8600 59.71
436 -8600 59.709
436 -8600 59.709
437 -8400 59.709
437 -8400 59.709
437 -8400 59.709
437 -8400 59.709
438 -8200 59.709
438 -8200 59.708
438 -8200 59.708
438 -8200 59.708
439 -8000 59.708
439 -8000 59.708
439 -8000 59.708
439 -8000 59.707
440 -8200 59.707
440 -8200 59.707
440 -8200 59.707
440 -8200 59.707
441 -8400 59.706
441 -8400 59.706
441 -8400 59.706
441 -8400 59.706
442 -8600 59.706
442 -8600 59.705
442 -8600 59.705
442 -8600 59.705
443 -8800 59.705
443 -8800 59.705
443 -8800 59.705
443 -8800 59.704
444 -9000 59.704
444 -9000 59.704
444 -9000 59.704
444 -9000 59.704
445 -9200 59.703
445 -9200 59.703
445 -9200 59.703
445 -9200 59.703
446 -9000 59.703
446 -9000 59.703
446 -9000 59.702
446 -9000 59.702
447 -9000 59.702
447 -9000 59.702
447 -9000 59.702
447 -9000 59.702
448 -9000 59.701
448 -9000 59.701
448 -9000 59.701
448 -9000 59.701
449 -9200 59.701
449 -9200 59.7
449 -9200 59.7
449 -9200 59.7
450 -9400 59.7
450 -9400 59.7
450 -9400 59.7
450 -9400 59.699
451 -9600 59.699
451 -9600 59.699
451 -9600 59.699
451 -9600 59.699
452 -9600 59.698
452 -9600 59.698
452 -9600 59.698
452 -9600 59.698
453 -9800 59.698
453 -9800 59.698
453 -9800 59.697
453 -9800 59.697
454 -9600 59.697
454 -9600 59.697
454 -9600 59.697
454 -9600 59.696
455 -9400 59.696
455 -9400 59.696
455 -9400 59.696
455 -9400 59.696
456 -9600 59.695
456 -9600 59.695
456 -9600 59.695
456 -9600 59.695
457 -9800 59.695
457 -9800 59.695
457 -9800 59.695
457 -9800 59.694
458 -10000 59.694
458 -10000 59.694
458 -10000 59.694
458 -10000 59.694
459 -9800 59.693
459 -9800 59.693
459 -9800 59.693
459 -9800 59.693
460 -10000 59.693
460 -10000 59.692
460 -10000 59.692
460 -10000 59.692
461 -9800 59.692
461 -9800 59.692
461 -9800 59.691
461 -9800 59.691
462 -9600 59.691
462 -9600 59.691
462 -9600 59.691
462 -9600 59.691
463 -9800 59.69
463 -9800 59.69
463 -9800 59.69
463 -9800 59.69
464 -10000 59.69
464 -10000 59.69
464 -10000 59.689
464 -10000 59.689
465 -9800 59.689
465 -9800 59.689
465 -9800 59.689
465 -9800 59.689
466 -10000 59.688
466 -10000 59.688
466 -10000 59.688
466 -10000 59.688
467 -10200 59.688
467 -10200 59.688
467 -10200 59.688
467 -10200 59.687
468 -10000 59.687
468 -10000 59.687
468 -10000 59.687
468 -10000 59.687
469 -9800 59.687
469 -9800 59.686
469 -9800 59.686
469 -9800 59.686
470 -9600 59.686
470 -9600 59.686
470 -9600 59.686
470 -9600 59.686
471 -9400 59.685
471 -9400 59.685
471 -9400 59.685
471 -9400 59.685
472 -9400 59.685
472 -9400 59.685
472 -9400 59.685
472 -9400 59.684
473 -9600 59.684
473 -9600 59.684
473 -9600 59.684
473 -9600 59.684
474 -9400 59.683
474 -9400 59.683
474 -9400 59.683
474 -9400 59.683
475 -9600 59.682
475 -9600 59.682
475 -9600 59.682
475 -9600 59.682
476 -9400 59.682
476 -9400 59.681
476 -9400 59.681
476 -9400 59.681
477 -9200 59.681
477 -9200 59.681
477 -9200 59.681
477 -9200 59.681
478 -9400 59.68
478 -9400 59.68
478 -9400 59.68
478 -9400 59.68
479 -9200 59.679
479 -9200 59.679
479 -9200 59.679
479 -9200 59.679
480 -9000 59.679
480 -9000 59.679
480 -9000 59.679
480 -9000 59.678
481 -9000 59.678
481 -9000 59.678
481 -9000 59.678
481 -9000 59.678
482 -9200 59.677
482 -9200 59.677
482 -9200 59.677
482 -9200 59.677
483 -9000 59.677
483 -9000 59.676
483 -9000 59.676
483 -9000 59.676
484 -9200 59.676
484 -9200 59.676
484 -9200 59.676
484 -9200 59.675
485 -9400 59.675
485 -9400 59.675
485 -9400 59.675
485 -9400 59.675
486 -9600 59.674
486 -9600 59.674
486 -9600 59.674
486 -9600 59.674
487 -9800 59.674
487 -9800 59.674
487 -9800 59.673
487 -9800 59.673
488 -10000 59.673
488 -10000 59.673
488 -10000 59.673
488 -10000 59.673
489 -10200 59.672
489 -10200 59.672
489 -10200 59.672
489 -10200 59.672
490 -10000 59.672
490 -10000 59.672
490 -10000 59.672
490 -10000 59.671
491 -9800 59.671
491 -9800 59.671
491 -9800 59.671
491 -9800 59.671
492 -10000 59.67
492 -10000 59.67
492 -10000 59.67
492 -10000 59.67
493 -9800 59.67
493 -9800 59.669
493 -9800 59.669
493 -9800 59.669
494 -9600 59.669
494 -9600 59.669
494 -9600 59.668
494 -9600 59.668
495 -9800 59.668
495 -9800 59.668
495 -9800 59.668
495 -9800 59.667
496 -9600 59.667
496 -9600 59.667
496 -9600 59.667
496 -9600 59.667
497 -9400 59.667
497 -9400 59.666
497 -9400 59.666
497 -9400 59.666
498 -9200 59.666
498 -9200 59.666
498 -9200 59.665
498 -9200 59.665
499 -9400 59.665
499 -9400 59.665
499 -9400 59.665
499 -9400 59.665
500 -9200 59.664
500 -9200 59.664
500 -9200 59.664
500 -9200 59.664
501 -9400 59.663
501 -9400 59.663
501 -9400 59.663
501 -9400 59.663
502 -9600 59.663
502 -9600 59.663
502 -9600 59.662
502 -9600 59.662
503 -9400 59.662
503 -9400 59.662
503 -9400 59.662
503 -9400 59.662
504 -9200 59.661
504 -9200 59.661
504 -9200 59.661
504 -9200 59.661
505 -9400 59.661
505 -9400 59.66
505 -9400 59.66
505 -9400 59.66
506 -9600 59.66
506 -9600 59.66
506 -9600 59.66
506 -9600 59.659
507 -9800 59.659
507 -9800 59.659
507 -9800 59.659
507 -9800 59.659
508 -9600 59.658
508 -9600 59.658
508 -9600 59.658
508 -9600 59.658
509 -9800 59.658
509 -9800 59.657
509 -9800 59.657
509 -9800 59.657
510 -9600 59.657
510 -9600 59.657
510 -9600 59.657
510 -9600 59.656
511 -9400 59.656
511 -9400 59.656
511 -9400 59.656
511 -9400 59.656
512 -9200 59.655
512 -9200 59.655
512 -9200 59.655
512 -9200 59.655
513 -9400 59.655
513 -9400 59.655
513 -9400 59.654
513 -9400 59.654
514 -9600 59.654
514 -9600 59.654
514 -9600 59.654
514 -9600 59.654
515 -9400 59.653
515 -9400 59.653
515 -9400 59.653
515 -9400 59.653
516 -9200 59.653
516 -9200 59.653
516 -9200 59.652
516 -9200 59.652
517 -9000 59.652
517 -9000 59.652
517 -9000 59.652
517 -9000 59.651
518 -9200 59.651
518 -9200 59.651
518 -9200 59.651
518 -9200 59.651
519 -9400 59.65
519 -9400 59.65
519 -9400 59.65
519 -9400 59.65
520 -9600 59.65
520 -9600 59.65
520 -9600 59.65
520 -9600 59.649
521 -9800 59.649
521 -9800 59.649
521 -9800 59.649
521 -9800 59.649
522 -9600 59.649
522 -9600 59.648
522 -9600 59.648
522 -9600 59.648
523 -9400 59.648
523 -9400 59.648
523 -9400 59.647
523 -9400 59.647
524 -9200 59.647
524 -9200 59.647
524 -9200 59.647
524 -9200 59.647
525 -9000 59.646
525 -9000 59.646
525 -9000 59.646
525 -9000 59.646
526 -8800 59.646
526 -8800 59.645
526 -8800 59.645
526 -8800 59.645
527 -9000 59.645
527 -9000 59.645
527 -9000 59.645
527 -9000 59.645
528 -9200 59.644
528 -9200 59.644
528 -9200 59.644
528 -9200 59.644
529 -9200 59.643
529 -9200 59.643
529 -9200 59.643
529 -9200 59.643
530 -9000 59.643
530 -9000 59.643
530 -9000 59.642
530 -9000 59.642
531 -8800 59.642
531 -8800 59.642
531 -8800 59.642
531 -8800 59.642
532 -9000 59.641
532 -9000 59.641
532 -9000 59.641
532 -9000 59.641
533 -9200 59.641
533 -9200 59.64
533 -9200 59.64
533 -9200 59.64
534 -9200 59.64
534 -9200 59.64
534 -9200 59.639
534 -9200 59.639
535 -9400 59.639
535 -9400 59.639
535 -9400 59.639
535 -9400 59.639
536 -9600 59.638
536 -9600 59.638
536 -9600 59.638
536 -9600 59.638
537 -9400 59.638
537 -9400 59.637
537 -9400 59.637
537 -9400 59.637
538 -9200 59.637
538 -9200 59.637
538 -9200 59.637
538 -9200 59.637
539 -9400 59.636
539 -9400 59.636
539 -9400 59.636
539 -9400 59.636
540 -9400 59.635
540 -9400 59.635
540 -9400 59.635
540 -9400 59.635
541 -9200 59.635
541 -9200 59.635
541 -9200 59.635
541 -9200 59.634
542 -9000 59.634
542 -9000 59.634
542 -9000 59.634
542 -9000 59.634
543 -9200 59.633
543 -9200 59.633
543 -9200 59.633
543 -9200 59.633
544 -9400 59.633
544 -9400 59.632
544 -9400 59.632
544 -9400 59.632
545 -9600 59.632
545 -9600 59.632
545 -9600 59.632
545 -9600 59.631
546 -9800 59.631
546 -9800 59.631
546 -9800 59.631
546 -9800 59.631
547 -9600 59.63
547 -9600 59.63
547 -9600 59.63
547 -9600 59.63
548 -9400 59.63
548 -9400 59.63
548 -9400 59.63
548 -9400 59.629
549 -9200 59.629
549 -9200 59.629
549 -9200 59.629
549 -9200 59.629
550 -9400 59.629
550 -9400 59.628
550 -9400 59.628
550 -9400 59.628
551 -9600 59.628
551 -9600 59.628
551 -9600 59.627
551 -9600 59.627
552 -9800 59.627
552 -9800 59.627
552 -9800 59.627
552 -9800 59.626
553 -9600 59.626
553 -9600 59.626
553 -9600 59.626
553 -9600 59.626
554 -9400 59.625
554 -9400 59.625
554 -9400 59.625
554 -9400 59.625
555 -9600 59.625
555 -9600 59.624
555 -9600 59.624
555 -9600 59.624
556 -9800 59.624
556 -9800 59.624
556 -9800 59.624
556 -9800 59.623
557 -9600 59.623
557 -9600 59.623
557 -9600 59.623
557 -9600 59.623
558 -9800 59.623
558 -9800 59.622
558 -9800 59.622
558 -9800 59.622
559 -9600 59.622
559 -9600 59.622
559 -9600 59.622
559 -9600 59.621
560 -9800 59.621
560 -9800 59.621
560 -9800 59.621
560 -9800 59.621
561 -9600 59.621
561 -9600 59.62
561 -9600 59.62
561 -9600 59.62
562 -9400 59.62
562 -9400 59.62
562 -9400 59.62
562 -9400 59.619
563 -9600 59.619
563 -9600 59.619
563 -9600 59.619
563 -9600 59.619
564 -9400 59.618
564 -9400 59.618
564 -9400 59.618
564 -9400 59.618
565 -9200 59.617
565 -9200 59.617
565 -9200 59.617
565 -9200 59.617
566 -9400 59.617
566 -9400 59.617
566 -9400 59.616
566 -9400 59.616
567 -9200 59.616
567 -9200 59.616
567 -9200 59.616
567 -9200 59.616
568 -9000 59.615
568 -9000 59.615
568 -9000 59.615
568 -9000 59.615
569 -8800 59.615
569 -8800 59.615
569 -8800 59.614
569 -8800 59.614
570 -9000 59.614
570 -9000 59.614
570 -9000 59.614
570 -9000 59.613
571 -9200 59.613
571 -9200 59.613
571 -9200 59.613
571 -9200 59.613
572 -9000 59.612
572 -9000 59.612
572 -9000 59.612
572 -9000 59.612
573 -9200 59.611
573 -9200 59.611
573 -9200 59.611
573 -9200 59.611
574 -9400 59.611
574 -9400 59.61
574 -9400 59.61
574 -9400 59.61
575 -9600 59.61
575 -9600 59.61
575 -9600 59.61
575 -9600 59.609
576 -9400 59.609
576 -9400 59.609
576 -9400 59.609
576 -9400 59.609
577 -9200 59.608
577 -9200 59.608
577 -9200 59.608
577 -9200 59.608
578 -9400 59.608
578 -9400 59.608
578 -9400 59.608
578 -9400 59.607
579 -9200 59.607
579 -9200 59.607
579 -9200 59.607
579 -9200 59.607
580 -9200 59.606
580 -9200 59.606
580 -9200 59.606
580 -9200 59.606
581 -9400 59.606
581 -9400 59.606
581 -9400 59.606
581 -9400 59.605
582 -9200 59.605
582 -9200 59.605
582 -9200 59.605
582 -9200 59.605
583 -9000 59.604
583 -9000 59.604
583 -9000 59.604
583 -9000 59.604
584 -9200 59.604
584 -9200 59.604
584 -9200 59.604
584 -9200 59.603
585 -9400 59.603
585 -9400 59.603
585 -9400 59.603
585 -9400 59.603
586 -9200 59.602
586 -9200 59.602
586 -9200 59.602
586 -9200 59.602
587 -9000 59.602
587 -9000 59.601
587 -9000 59.601
587 -9000 59.601
588 -8800 59.601
588 -8800 59.601
588 -8800 59.601
588 -8800 59.6
589 -9000 59.6
589 -9000 59.6
589 -9000 59.6
589 -9000 59.6
590 -9200 59.599
590 -9200 59.599
590 -9200 59.599
590 -9200 59.599
591 -9000 59.599
591 -9000 59.599
591 -9000 59.598
591 -9000 59.598
592 -9200 59.598
592 -9200 59.598
592 -9200 59.598
592 -9200 59.598
593 -9400 59.597
593 -9400 59.597
593 -9400 59.597
593 -9400 59.597
594 -9600 59.597
594 -9600 59.597
594 -9600 59.597
594 -9600 59.597
595 -9400 59.596
595 -9400 59.596
595 -9400 59.596
595 -9400 59.596
596 -9200 59.596
596 -9200 59.595
596 -9200 59.595
596 -9200 59.595
597 -9000 59.595
597 -9000 59.595
597 -9000 59.595
597 -9000 59.595
598 -9000 59.594
598 -9000 59.594
598 -9000 59.594
598 -9000 59.594
599 -8800 59.594
599 -8800 59.594
599 -8800 59.594
599 -8800 59.594
600 -9000 59.593
600 -9000 59.593
600 -9000 59.593
600 -9000 59.593
601 -8800 59.593
601 -8800 59.593
601 -8800 59.593
601 -8800 59.593
602 -8600 59.592
602 -8600 59.592
602 -8600 59.592
602 -8600 59.592
603 -8800 59.592
603 -8800 59.592
603 -8800 59.592
603 -8800 59.591
604 -9000 59.591
604 -9000 59.591
604 -9000 59.591
604 -9000 59.591
605 -9200 59.591
605 -9200 59.59
605 -9200 59.59
605 -9200 59.59
606 -9400 59.59
606 -9400 59.59
606 -9400 59.59
606 -9400 59.59
607 -9600 59.589
607 -9600 59.589
607 -9600 59.589
607 -9600 59.589
608 -9600 59.589
608 -9600 59.589
608 -9600 59.589
608 -9600 59.589
609 -9400 59.588
609 -9400 59.588
609 -9400 59.588
609 -9400 59.588
610 -9200 59.588
610 -9200 59.588
610 -9200 59.588
610 -9200 59.587
611 -9400 59.587
611 -9400 59.587
611 -9400 59.587
611 -9400 59.587
612 -9600 59.587
612 -9600 59.586
612 -9600 59.586
612 -9600 59.586
613 -9400 59.586
613 -9400 59.586
613 -9400 59.586
613 -9400 59.585
614 -9600 59.585
614 -9600 59.585
614 -9600 59.585
614 -9600 59.585
615 -9800 59.585
615 -9800 59.585
615 -9800 59.584
615 -9800 59.584
616 -9600 59.584
616 -9600 59.584
616 -9600 59.584
616 -9600 59.584
617 -9400 59.584
617 -9400 59.584
617 -9400 59.583
617 -9400 59.583
618 -9200 59.583
618 -9200 59.583
618 -9200 59.583
618 -9200 59.583
619 -9000 59.583
619 -9000 59.582
619 -9000 59.582
619 -9000 59.582
620 -9200 59.582
620 -9200 59.582
620 -9200 59.582
620 -9200 59.582
621 -9000 59.581
621 -9000 59.581
621 -9000 59.581
621 -9000 59.581
622 -9000 59.581
622 -9000 59.581
622 -9000 59.581
622 -9000 59.58
623 -9200 59.58
623 -9200 59.58
623 -9200 59.58
623 -9200 59.58
624 -9400 59.58
624 -9400 59.58
624 -9400 59.579
624 -9400 59.579
625 -9600 59.579
625 -9600 59.579
625 -9600 59.579
625 -9600 59.579
626 -9800 59.578
626 -9800 59.578
626 -9800 59.578
626 -9800 59.578
627 -9600 59.577
627 -9600 59.577
627 -9600 59.577
627 -9600 59.577
628 -9400 59.576
628 -9400 59.576
628 -9400 59.576
628 -9400 59.576
629 -9200 59.576
629 -9200 59.575
629 -9200 59.575
629 -9200 59.575
630 -9400 59.575
630 -9400 59.575
630 -9400 59.575
630 -9400 59.574
631 -9600 59.574
631 -9600 59.574
631 -9600 59.574
631 -9600 59.574
632 -9800 59.574
632 -9800 59.573
632 -9800 59.573
632 -9800 59.573
633 -10000 59.573
633 -10000 59.573
633 -10000 59.572
633 -10000 59.572
634 -9800 59.572
634 -9800 59.572
634 -9800 59.572
634 -9800 59.571
635 -10000 59.571
635 -10000 59.571
635 -10000 59.571
635 -10000 59.571
636 -10200 59.57
636 -10200 59.57
636 -10200 59.57
636 -10200 59.57
637 -10400 59.57
637 -10400 59.57
637 -10400 59.569
637 -10400 59.569
638 -10600 59.569
638 -10600 59.569
638 -10600 59.569
638 -10600 59.568
639 -10400 59.568
639 -10400 59.568
639 -10400 59.568
639 -10400 59.568
640 -10600 59.568
640 -10600 59.567
640 -10600 59.567
640 -10600 59.567
641 -10400 59.567
641 -10400 59.567
641 -10400 59.567
641 -10400 59.566
642 -10200 59.566
642 -10200 59.566
642 -10200 59.566
642 -10200 59.566
643 -10200 59.566
643 -10200 59.565
643 -10200 59.565
643 -10200 59.565
644 -10000 59.565
644 -10000 59.565
644 -10000 59.565
644 -10000 59.565
645 -10200 59.564
645 -10200 59.564
645 -10200 59.564
645 -10200 59.564
646 -10000 59.564
646 -10000 59.564
646 -10000 59.564
646 -10000 59.564
647 -9800 59.563
647 -9800 59.563
647 -9800 59.563
647 -9800 59.563
648 -9600 59.563
648 -9600 59.563
648 -9600 59.563
648 -9600 59.562
649 -9400 59.562
649 -9400 59.562
649 -9400 59.562
649 -9400 59.562
650 -9600 59.562
650 -9600 59.561
650 -9600 59.561
650 -9600 59.561
651 -9800 59.561
651 -9800 59.561
651 -9800 59.561
651 -9800 59.56
652 -9600 59.56
652 -9600 59.56
652 -9600 59.56
652 -9600 59.56
653 -9800 59.56
653 -9800 59.559
653 -9800 59.559
653 -9800 59.559
654 -9800 59.559
654 -9800 59.559
654 -9800 59.559
654 -9800 59.558
655 -10000 59.558
655 -10000 59.558
655 -10000 59.558
655 -10000 59.558
656 -10000 59.557
656 -10000 59.557
656 -10000 59.557
656 -10000 59.557
657 -10200 59.557
657 -10200 59.556
657 -10200 59.556
657 -10200 59.556
658 -10400 59.556
658 -10400 59.556
658 -10400 59.555
658 -10400 59.555
659 -10200 59.555
659 -10200 59.555
659 -10200 59.555
659 -10200 59.554
660 -10400 59.554
660 -10400 59.554
660 -10400 59.554
660 -10400 59.554
661 -10200 59.553
661 -10200 59.553
661 -10200 59.553
661 -10200 59.553
662 -10400 59.552
662 -10400 59.552
662 -10400 59.552
662 -10400 59.552
663 -10600 59.552
663 -10600 59.551
663 -10600 59.551
663 -10600 59.551
664 -10800 59.551
664 -10800 59.551
664 -10800 59.55
664 -10800 59.55
665 -10600 59.55
665 -10600 59.55
665 -10600 59.55
665 -10600 59.55
666 -10800 59.549
666 -10800 59.549
666 -10800 59.549
666 -10800 59.549
667 -11000 59.549
667 -11000 59.548
667 -11000 59.548
667 -11000 59.548
668 -10800 59.548
668 -10800 59.548
668 -10800 59.548
668 -10800 59.548
669 -11000 59.547
669 -11000 59.547
669 -11000 59.547
669 -11000 59.547
670 -11200 59.547
670 -11200 59.546
670 -11200 59.546
670 -11200 59.546
671 -11000 59.546
671 -11000 59.546
671 -11000 59.546
671 -11000 59.545
672 -11200 59.545
672 -11200 59.545
672 -11200 59.545
672 -11200 59.545
673 -11400 59.545
673 -11400 59.545
673 -11400 59.544
673 -11400 59.544
674 -11600 59.544
674 -11600 59.544
674 -11600 59.544
674 -11600 59.544
675 -11400 59.543
675 -11400 59.543
675 -11400 59.543
675 -11400 59.543
676 -11400 59.543
676 -11400 59.543
676 -11400 59.543
676 -11400 59.543
677 -11200 59.542
677 -11200 59.542
677 -11200 59.542
677 -11200 59.542
678 -11400 59.542
678 -11400 59.542
678 -11400 59.542
678 -11400 59.541
679 -11200 59.541
679 -11200 59.541
679 -11200 59.541
679 -11200 59.541
680 -11200 59.541
680 -11200 59.54
680 -11200 59.54
680 -11200 59.54
681 -11400 59.54
681 -11400 59.54
681 -11400 59.54
681 -11400 59.54
682 -11600 59.539
682 -11600 59.539
682 -11600 59.539
682 -11600 59.539
683 -11400 59.539
683 -11400 59.539
683 -11400 59.539
683 -11400 59.539
684 -11200 59.538
684 -11200 59.538
684 -11200 59.538
684 -11200 59.538
685 -11000 59.538
685 -11000 59.538
685 -11000 59.538
685 -11000 59.537
686 -10800 59.537
686 -10800 59.537
686 -10800 59.537
686 -10800 59.537
687 -10600 59.537
687 -10600 59.537
687 -10600 59.536
687 -10600 59.536
688 -10400 59.536
688 -10400 59.536
688 -10400 59.536
688 -10400 59.536
689 -10600 59.535
689 -10600 59.535
689 -10600 59.535
689 -10600 59.535
690 -10800 59.534
690 -10800 59.534
690 -10800 59.534
690 -10800 59.534
691 -10600 59.534
691 -10600 59.533
691 -10600 59.533
691 -10600 59.533
692 -10400 59.533
692 -10400 59.533
692 -10400 59.533
692 -10400 59.533
693 -10600 59.532
693 -10600 59.532
693 -10600 59.532
693 -10600 59.532
694 -10400 59.532
694 -10400 59.531
694 -10400 59.531
694 -10400 59.531
695 -10600 59.531
695 -10600 59.531
695 -10600 59.531
695 -10600 59.53
696 -10400 59.53
696 -10400 59.53
696 -10400 59.53
696 -10400 59.53
697 -10200 59.53
697 -10200 59.529
697 -10200 59.529
697 -10200 59.529
698 -10000 59.529
698 -10000 59.529
698 -10000 59.529
698 -10000 59.529
699 -9800 59.528
699 -9800 59.528
699 -9800 59.528
699 -9800 59.528
700 -9600 59.528
700 -9600 59.527
700 -9600 59.527
700 -9600 59.527
701 -9400 59.527
701 -9400 59.527
701 -9400 59.527
701 -9400 59.527
702 -9200 59.526
702 -9200 59.526
702 -9200 59.526
702 -9200 59.526
703 -9400 59.526
703 -9400 59.526
703 -9400 59.525
703 -9400 59.525
704 -9600 59.525
704 -9600 59.525
704 -9600 59.525
704 -9600 59.525
705 -9800 59.525
705 -9800 59.525
705 -9800 59.524
705 -9800 59.524
706 -9600 59.524
706 -9600 59.524
706 -9600 59.524
706 -9600 59.524
707 -9400 59.523
707 -9400 59.523
707 -9400 59.523
707 -9400 59.523
708 -9200 59.523
708 -9200 59.523
708 -9200 59.523
708 -9200 59.523
709 -9000 59.522
709 -9000 59.522
709 -9000 59.522
709 -9000 59.522
710 -8800 59.522
710 -8800 59.522
710 -8800 59.522
710 -8800 59.521
711 -9000 59.521
711 -9000 59.521
711 -9000 59.521
711 -9000 59.521
712 -8800 59.521
712 -8800 59.521
712 -8800 59.521
712 -8800 59.52
713 -8800 59.52
713 -8800 59.52
713 -8800 59.52
713 -8800 59.52
714 -8600 59.519
714 -8600 59.519
714 -8600 59.519
714 -8600 59.519
715 -8800 59.519
715 -8800 59.519
715 -8800 59.519
715 -8800 59.518
716 -9000 59.518
716 -9000 59.518
716 -9000 59.518
716 -9000 59.518
717 -9200 59.518
717 -9200 59.518
717 -9200 59.517
717 -9200 59.517
718 -9400 59.517
718 -9400 59.517
718 -9400 59.517
718 -9400 59.517
719 -9600 59.516
719 -9600 59.516
719 -9600 59.516
719 -9600 59.516
720 -9400 59.516
720 -9400 59.515
720 -9400 59.515
720 -9400 59.515
721 -9200 59.515
721 -9200 59.515
721 -9200 59.514
721 -9200 59.514
722 -9400 59.514
722 -9400 59.514
722 -9400 59.514
722 -9400 59.514
723 -9200 59.513
723 -9200 59.513
723 -9200 59.513
723 -9200 59.513
724 -9400 59.512
724 -9400 59.512
724 -9400 59.512
724 -9400 59.512
725 -9600 59.512
725 -9600 59.512
725 -9600 59.511
725 -9600 59.511
726 -9400 59.511
726 -9400 59.511
726 -9400 59.511
726 -9400 59.511
727 -9600 59.51
727 -9600 59.51
727 -9600 59.51
727 -9600 59.51
728 -9800 59.51
728 -9800 59.509
728 -9800 59.509
728 -9800 59.509
729 -9600 59.509
729 -9600 59.509
729 -9600 59.508
729 -9600 59.508
730 -9400 59.508
730 -9400 59.508
730 -9400 59.508
730 -9400 59.508
731 -9200 59.507
731 -9200 59.507
731 -9200 59.507
731 -9200 59.507
732 -9000 59.506
732 -9000 59.506
732 -9000 59.506
732 -9000 59.506
733 -9200 59.506
733 -9200 59.506
733 -9200 59.505
733 -9200 59.505
734 -9400 59.505
734 -9400 59.505
734 -9400 59.505
734 -9400 59.505
735 -9600 59.504
735 -9600 59.504
735 -9600 59.504
735 -9600 59.504
736 -9400 59.503
736 -9400 59.503
736 -9400 59.503
736 -9400 59.503
737 -9200 59.503
737 -9200 59.503
737 -9200 59.502
737 -9200 59.502
738 -9400 59.502
738 -9400 59.502
738 -9400 59.502
738 -9400 59.501
739 -9600 59.501
739 -9600 59.501
739 -9600 59.501
739 -9600 59.501
740 -9800 59.5
740 -9800 59.5
740 -9800 59.5
740 -9800 59.5
741 -9600 59.5
741 -9600 59.499
741 -9600 59.499
741 -9600 59.499
742 -9800 59.499
742 -9800 59.499
742 -9800 59.498
742 -9800 59.498
743 -10000 59.498
743 -10000 59.498
743 -10000 59.498
743 -10000 59.498
744 -9800 59.497
744 -9800 59.497
744 -9800 59.497
744 -9800 59.497
745 -10000 59.496
745 -10000 59.496
745 -10000 59.496
745 -10000 59.496
746 -10200 59.496
746 -10200 59.496
746 -10200 59.495
746 -10200 59.495
747 -10000 59.495
747 -10000 59.495
747 -10000 59.495
747 -10000 59.495
748 -10200 59.494
748 -10200 59.494
748 -10200 59.494
748 -10200 59.494
749 -10000 59.494
749 -10000 59.494
749 -10000 59.494
749 -10000 59.493
750 -10200 59.493
750 -10200 59.493
750 -10200 59.493
750 -10200 59.493
751 -10400 59.492
751 -10400 59.492
751 -10400 59.492
751 -10400 59.492
752 -10200 59.491
752 -10200 59.491
752 -10200 59.491
752 -10200 59.491
753 -10400 59.491
753 -10400 59.491
753 -10400 59.49
753 -10400 59.49
754 -10600 59.49
754 -10600 59.49
754 -10600 59.49
754 -10600 59.489
755 -10800 59.489
755 -10800 59.489
755 -10800 59.489
755 -10800 59.489
756 -10600 59.488
756 -10600 59.488
756 -10600 59.488
756 -10600 59.488
757 -10400 59.488
757 -10400 59.488
757 -10400 59.488
757 -10400 59.487
758 -10200 59.487
758 -10200 59.487
758 -10200 59.487
758 -10200 59.487
759 -10400 59.486
759 -10400 59.486
759 -10400 59.486
759 -10400 59.486
760 -10200 59.486
760 -10200 59.486
760 -10200 59.485
760 -10200 59.485
761 -10000 59.485
761 -10000 59.485
761 -10000 59.485
761 -10000 59.485
762 -10200 59.484
762 -10200 59.484
762 -10200 59.484
762 -10200 59.484
763 -10000 59.484
763 -10000 59.484
763 -10000 59.483
763 -10000 59.483
764 -10200 59.483
764 -10200 59.483
764 -10200 59.483
764 -10200 59.483
765 -10000 59.482
765 -10000 59.482
765 -10000 59.482
765 -10000 59.482
766 -9800 59.482
766 -9800 59.481
766 -9800 59.481
766 -9800 59.481
767 -9600 59.481
767 -9600 59.481
767 -9600 59.481
767 -9600 59.48
768 -9800 59.48
768 -9800 59.48
768 -9800 59.48
768 -9800 59.48
769 -9600 59.479
769 -9600 59.479
769 -9600 59.479
769 -9600 59.479
770 -9400 59.479
770 -9400 59.478
770 -9400 59.478
770 -9400 59.478
771 -9600 59.478
771 -9600 59.477
771 -9600 59.477
771 -9600 59.477
772 -9800 59.477
772 -9800 59.477
772 -9800 59.477
772 -9800 59.477
773 -9600 59.476
773 -9600 59.476
773 -9600 59.476
773 -9600 59.476
774 -9800 59.476
774 -9800 59.475
774 -9800 59.475
774 -9800 59.475
775 -9800 59.475
775 -9800 59.475
775 -9800 59.474
775 -9800 59.474
776 -10000 59.474
776 -10000 59.474
776 -10000 59.474
776 -10000 59.473
777 -9800 59.473
777 -9800 59.473
777 -9800 59.473
777 -9800 59.473
778 -9600 59.472
778 -9600 59.472
778 -9600 59.472
778 -9600 59.472
779 -9800 59.472
779 -9800 59.471
779 -9800 59.471
779 -9800 59.471
780 -9600 59.471
780 -9600 59.471
780 -9600 59.471
780 -9600 59.47
781 -9400 59.47
781 -9400 59.47
781 -9400 59.47
781 -9400 59.47
782 -9600 59.469
782 -9600 59.469
782 -9600 59.469
782 -9600 59.469
783 -9400 59.469
783 -9400 59.468
783 -9400 59.468
783 -9400 59.468
784 -9200 59.468
784 -9200 59.468
784 -9200 59.468
784 -9200 59.467
785 -9000 59.467
785 -9000 59.467
785 -9000 59.467
785 -9000 59.467
786 -9200 59.467
786 -9200 59.466
786 -9200 59.466
786 -9200 59.466
787 -9000 59.466
787 -9000 59.466
787 -9000 59.466
787 -9000 59.465
788 -9200 59.465
788 -9200 59.465
788 -9200 59.465
788 -9200 59.465
789 -9400 59.465
789 -9400 59.464
789 -9400 59.464
789 -9400 59.464
790 -9200 59.464
790 -9200 59.464
790 -9200 59.464
790 -9200 59.464
791 -9000 59.463
791 -9000 59.463
791 -9000 59.463
791 -9000 59.463
792 -9200 59.463
792 -9200 59.463
792 -9200 59.462
792 -9200 59.462
793 -9400 59.462
793 -9400 59.462
793 -9400 59.462
793 -9400 59.462
794 -9200 59.462
794 -9200 59.461
794 -9200 59.461
794 -9200 59.461
795 -9400 59.461
795 -9400 59.461
795 -9400 59.461
795 -9400 59.461
796 -9200 59.46
796 -9200 59.46
796 -9200 59.46
796 -9200 59.46
797 -9000 59.46
797 -9000 59.46
797 -9000 59.46
797 -9000 59.46
798 -9200 59.459
798 -9200 59.459
798 -9200 59.459
798 -9200 59.459
799 -9400 59.459
799 -9400 59.459
799 -9400 59.459
799 -9400 59.458
800 -9600 59.458
800 -9600 59.458
800 -9600 59.458
800 -9600 59.458
801 -9800 59.458
801 -9800 59.458
801 -9800 59.458
801 -9800 59.457
802 -9600 59.457
802 -9600 59.457
802 -9600 59.457
802 -9600 59.457
803 -9800 59.457
803 -9800 59.457
803 -9800 59.456
803 -9800 59.456
804 -9600 59.456
804 -9600 59.456
804 -9600 59.456
804 -9600 59.456
805 -9800 59.456
805 -9800 59.456
805 -9800 59.455
805 -9800 59.455
806 -10000 59.455
806 -10000 59.455
806 -10000 59.455
806 -10000 59.455
807 -9800 59.454
807 -9800 59.454
807 -9800 59.454
807 -9800 59.454
808 -10000 59.454
808 -10000 59.454
808 -10000 59.454
808 -10000 59.453
809 -9800 59.453
809 -9800 59.453
809 -9800 59.453
809 -9800 59.453
810 -9600 59.453
810 -9600 59.453
810 -9600 59.452
810 -9600 59.452
811 -9800 59.452
811 -9800 59.452
811 -9800 59.452
811 -9800 59.452
812 -9600 59.452
812 -9600 59.451
812 -9600 59.451
812 -9600 59.451
813 -9800 59.451
813 -9800 59.451
813 -9800 59.451
813 -9800 59.451
814 -10000 59.451
814 -10000 59.45
814 -10000 59.45
814 -10000 59.45
815 -9800 59.45
815 -9800 59.45
815 -9800 59.45
815 -9800 59.45
816 -10000 59.449
816 -10000 59.449
816 -10000 59.449
816 -10000 59.449
817 -9800 59.449
817 -9800 59.449
817 -9800 59.448
817 -9800 59.448
818 -10000 59.448
818 -10000 59.448
818 -10000 59.448
818 -10000 59.448
819 -10200 59.448
819 -10200 59.447
819 -10200 59.447
819 -10200 59.447
820 -10000 59.447
820 -10000 59.447
820 -10000 59.447
820 -10000 59.447
821 -9800 59.447
821 -9800 59.446
821 -9800 59.446
821 -9800 59.446
822 -10000 59.446
822 -10000 59.446
822 -10000 59.446
822 -10000 59.446
823 -10200 59.445
823 -10200 59.445
823 -10200 59.445
823 -10200 59.445
824 -10400 59.445
824 -10400 59.445
824 -10400 59.445
824 -10400 59.445
825 -10200 59.444
825 -10200 59.444
825 -10200 59.444
825 -10200 59.444
826 -10400 59.444
826 -10400 59.444
826 -10400 59.444
826 -10400 59.444
827 -10200 59.443
827 -10200 59.443
827 -10200 59.443
827 -10200 59.443
828 -10400 59.443
828 -10400 59.443
828 -10400 59.443
828 -10400 59.442
829 -10200 59.442
829 -10200 59.442
829 -10200 59.442
829 -10200 59.442
830 -10000 59.442
830 -10000 59.442
830 -10000 59.442
830 -10000 59.441
831 -9800 59.441
831 -9800 59.441
831 -9800 59.441
831 -9800 59.441
832 -9600 59.44
832 -9600 59.44
832 -9600 59.44
832 -9600 59.44
833 -9600 59.44
833 -9600 59.44
833 -9600 59.44
833 -9600 59.439
834 -9800 59.439
834 -9800 59.439
834 -9800 59.439
834 -9800 59.439
835 -10000 59.439
835 -10000 59.438
835 -10000 59.438
835 -10000 59.438
836 -10200 59.438
836 -10200 59.438
836 -10200 59.438
836 -10200 59.437
837 -10000 59.437
837 -10000 59.437
837 -10000 59.437
837 -10000 59.437
838 -9800 59.436
838 -9800 59.436
838 -9800 59.436
838 -9800 59.436
839 -9600 59.435
839 -9600 59.435
839 -9600 59.435
839 -9600 59.435
840 -9800 59.435
840 -9800 59.435
840 -9800 59.434
840 -9800 59.434
841 -9600 59.434
841 -9600 59.434
841 -9600 59.434
841 -9600 59.433
842 -9800 59.433
842 -9800 59.433
842 -9800 59.433
842 -9800 59.433
843 -10000 59.432
843 -10000 59.432
843 -10000 59.432
843 -10000 59.432
844 -9800 59.432
844 -9800 59.431
844 -9800 59.431
844 -9800 59.431
845 -10000 59.431
845 -10000 59.431
845 -10000 59.43
845 -10000 59.43
846 -10200 59.43
846 -10200 59.43
846 -10200 59.43
846 -10200 59.43
847 -10000 59.429
847 -10000 59.429
847 -10000 59.429
847 -10000 59.429
848 -10200 59.429
848 -10200 59.428
848 -10200 59.428
848 -10200 59.428
849 -10000 59.428
849 -10000 59.428
849 -10000 59.427
849 -10000 59.427
850 -9800 59.427
850 -9800 59.427
850 -9800 59.427
850 -9800 59.426
851 -9600 59.426
851 -9600 59.426
851 -9600 59.426
851 -9600 59.426
852 -9800 59.425
852 -9800 59.425
852 -9800 59.425
852 -9800 59.425
853 -9600 59.425
853 -9600 59.424
853 -9600 59.424
853 -9600 59.424
854 -9800 59.424
854 -9800 59.424
854 -9800 59.424
854 -9800 59.424
855 -9600 59.423
855 -9600 59.423
855 -9600 59.423
855 -9600 59.423
856 -9800 59.423
856 -9800 59.423
856 -9800 59.422
856 -9800 59.422
857 -9600 59.422
857 -9600 59.422
857 -9600 59.422
857 -9600 59.422
858 -9800 59.421
858 -9800 59.421
858 -9800 59.421
858 -9800 59.421
859 -10000 59.421
859 -10000 59.421
859 -10000 59.42
859 -10000 59.42
860 -10200 59.42
860 -10200 59.42
860 -10200 59.42
860 -10200 59.42
861 -10400 59.42
861 -10400 59.419
861 -10400 59.419
861 -10400 59.419
862 -10600 59.419
862 -10600 59.419
862 -10600 59.419
862 -10600 59.418
863 -10400 59.418
863 -10400 59.418
863 -10400 59.418
863 -10400 59.418
864 -10200 59.417
864 -10200 59.417
864 -10200 59.417
864 -10200 59.417
865 -10000 59.417
865 -10000 59.417
865 -10000 59.417
865 -10000 59.417
866 -10200 59.416
866 -10200 59.416
866 -10200 59.416
866 -10200 59.416
867 -10200 59.416
867 -10200 59.416
867 -10200 59.415
867 -10200 59.415
868 -10400 59.415
868 -10400 59.415
868 -10400 59.415
868 -10400 59.415
869 -10600 59.415
869 -10600 59.414
869 -10600 59.414
869 -10600 59.414
870 -10800 59.414
870 -10800 59.414
870 -10800 59.414
870 -10800 59.414
871 -10600 59.414
871 -10600 59.413
871 -10600 59.413
871 -10600 59.413
872 -10400 59.413
872 -10400 59.413
872 -10400 59.413
872 -10400 59.413
873 -10400 59.412
873 -10400 59.412
873 -10400 59.412
873 -10400 59.412
874 -10600 59.412
874 -10600 59.412
874 -10600 59.412
874 -10600 59.411
875 -10400 59.411
875 -10400 59.411
875 -10400 59.411
875 -10400 59.411
876 -10200 59.41
876 -10200 59.41
876 -10200 59.41
876 -10200 59.41
877 -10000 59.41
877 -10000 59.41
877 -10000 59.41
877 -10000 59.41
878 -10200 59.409
878 -10200 59.409
878 -10200 59.409
878 -10200 59.409
879 -10000 59.409
879 -10000 59.408
879 -10000 59.408
879 -10000 59.408
880 -9800 59.408
880 -9800 59.408
880 -9800 59.408
880 -9800 59.407
881 -9600 59.407
881 -9600 59.407
881 -9600 59.407
881 -9600 59.407
882 -9800 59.406
882 -9800 59.406
882 -9800 59.406
882 -9800 59.406
883 -10000 59.406
883 -10000 59.406
883 -10000 59.405
883 -10000 59.405
884 -9800 59.405
884 -9800 59.405
884 -9800 59.405
884 -9800 59.405
885 -10000 59.404
885 -10000 59.404
885 -10000 59.404
885 -10000 59.404
886 -10200 59.404
886 -10200 59.403
886 -10200 59.403
886 -10200 59.403
887 -10000 59.403
887 -10000 59.403
887 -10000 59.403
887 -10000 59.403
888 -9800 59.402
888 -9800 59.402
888 -9800 59.402
888 -9800 59.402
889 -10000 59.402
889 -10000 59.402
889 -10000 59.402
889 -10000 59.402
890 -10200 59.401
890 -10200 59.401
890 -10200 59.401
890 -10200 59.401
891 -10000 59.401
891 -10000 59.401
891 -10000 59.401
891 -10000 59.4
892 -10200 59.4
892 -10200 59.4
892 -10200 59.4
892 -10200 59.4
893 -10000 59.4
893 -10000 59.399
893 -10000 59.399
893 -10000 59.399
894 -10200 59.399
894 -10200 59.399
894 -10200 59.399
894 -10200 59.399
895 -10400 59.399
895 -10400 59.398
895 -10400 59.398
895 -10400 59.398
896 -10200 59.398
896 -10200 59.398
896 -10200 59.398
896 -10200 59.398
897 -10000 59.397
897 -10000 59.397
897 -10000 59.397
897 -10000 59.397
898 -10200 59.397
898 -10200 59.397
898 -10200 59.397
898 -10200 59.396
899 -10400 59.396
899 -10400 59.396
899 -10400 59.396
899 -10400 59.396
900 -10200 59.396
900 -10200 59.396
900 -10200 59.396
900 -10200 59.395
901 -10400 59.395
901 -10400 59.395
901 -10400 59.395
901 -10400 59.395
902 -10200 59.395
902 -10200 59.395
902 -10200 59.394
902 -10200 59.394
903 -10400 59.394
903 -10400 59.394
903 -10400 59.394
903 -10400 59.394
904 -10200 59.394
904 -10200 59.394
904 -10200 59.393
904 -10200 59.393
905 -10000 59.393
905 -10000 59.393
905 -10000 59.393
905 -10000 59.393
906 -9800 59.393
906 -9800 59.392
906 -9800 59.392
906 -9800 59.392
907 -10000 59.392
907 -10000 59.392
907 -10000 59.392
907 -10000 59.392
908 -10200 59.391
908 -10200 59.391
908 -10200 59.391
908 -10200 59.391
909 -10000 59.391
909 -10000 59.391
909 -10000 59.391
909 -10000 59.391
910 -10200 59.39
910 -10200 59.39
910 -10200 59.39
910 -10200 59.39
911 -10400 59.39
911 -10400 59.39
911 -10400 59.39
911 -10400 59.389
912 -10600 59.389
912 -10600 59.389
912 -10600 59.389
912 -10600 59.389
913 -10400 59.389
913 -10400 59.389
913 -10400 59.389
913 -10400 59.388
914 -10400 59.388
914 -10400 59.388
914 -10400 59.388
914 -10400 59.388
915 -10400 59.388
915 -10400 59.388
915 -10400 59.387
915 -10400 59.387
916 -10200 59.387
916 -10200 59.387
916 -10200 59.387
916 -10200 59.387
917 -10400 59.387
917 -10400 59.386
917 -10400 59.386
917 -10400 59.386
918 -10200 59.386
918 -10200 59.386
918 -10200 59.386
918 -10200 59.386
919 -10400 59.385
919 -10400 59.385
919 -10400 59.385
919 -10400 59.385
920 -10400 59.385
920 -10400 59.385
920 -10400 59.385
920 -10400 59.384
921 -10200 59.384
921 -10200 59.384
921 -10200 59.384
921 -10200 59.384
922 -10400 59.384
922 -10400 59.383
922 -10400 59.383
922 -10400 59.383
923 -10200 59.383
923 -10200 59.383
923 -10200 59.383
923 -10200 59.383
924 -10400 59.382
924 -10400 59.382
924 -10400 59.382
924 -10400 59.382
925 -10600 59.381
925 -10600 59.381
925 -10600 59.381
925 -10600 59.381
926 -10400 59.38
926 -10400 59.38
926 -10400 59.38
926 -10400 59.38
927 -10400 59.38
927 -10400 59.379
927 -10400 59.379
927 -10400 59.379
928 -10600 59.379
928 -10600 59.379
928 -10600 59.379
928 -10600 59.378
929 -10800 59.378
929 -10800 59.378
929 -10800 59.378
929 -10800 59.378
930 -10600 59.377
930 -10600 59.377
930 -10600 59.377
930 -10600 59.377
931 -10600 59.377
931 -10600 59.377
931 -10600 59.376
931 -10600 59.376
932 -10800 59.376
932 -10800 59.376
932 -10800 59.376
932 -10800 59.376
933 -11000 59.375
933 -11000 59.375
933 -11000 59.375
933 -11000 59.375
934 -10800 59.375
934 -10800 59.375
934 -10800 59.375
934 -10800 59.374
935 -11000 59.374
935 -11000 59.374
935 -11000 59.374
935 -11000 59.374
936 -10800 59.374
936 -10800 59.374
936 -10800 59.374
936 -10800 59.373
937 -10600 59.373
937 -10600 59.373
937 -10600 59.373
937 -10600 59.373
938 -10400 59.373
938 -10400 59.372
938 -10400 59.372
938 -10400 59.372
939 -10600 59.372
939 -10600 59.372
939 -10600 59.372
939 -10600 59.372
940 -10400 59.371
940 -10400 59.371
940 -10400 59.371
940 -10400 59.371
941 -10200 59.371
941 -10200 59.371
941 -10200 59.37
941 -10200 59.37
942 -10400 59.37
942 -10400 59.37
942 -10400 59.37
942 -10400 59.369
943 -10200 59.369
943 -10200 59.369
943 -10200 59.369
943 -10200 59.369
944 -10000 59.368
944 -10000 59.368
944 -10000 59.368
944 -10000 59.368
945 -10200 59.368
945 -10200 59.368
945 -10200 59.368
945 -10200 59.367
946 -10400 59.367
946 -10400 59.367
946 -10400 59.367
946 -10400 59.367
947 -10200 59.367
947 -10200 59.366
947 -10200 59.366
947 -10200 59.366
948 -10000 59.366
948 -10000 59.366
948 -10000 59.366
948 -10000 59.366
949 -10200 59.365
949 -10200 59.365
949 -10200 59.365
949 -10200 59.365
950 -10400 59.365
950 -10400 59.365
950 -10400 59.365
950 -10400 59.365
951 -10600 59.364
951 -10600 59.364
951 -10600 59.364
951 -10600 59.364
952 -10400 59.364
952 -10400 59.364
952 -10400 59.363
952 -10400 59.363
953 -10400 59.363
953 -10400 59.363
953 -10400 59.363
953 -10400 59.363
954 -10600 59.363
954 -10600 59.362
954 -10600 59.362
954 -10600 59.362
955 -10800 59.362
955 -10800 59.362
955 -10800 59.362
955 -10800 59.361
956 -11000 59.361
956 -11000 59.361
956 -11000 59.361
956 -11000 59.361
957 -11200 59.361
957 -11200 59.36
957 -11200 59.36
957 -11200 59.36
958 -11400 59.36
958 -11400 59.36
958 -11400 59.359
958 -11400 59.359
959 -11200 59.359
959 -11200 59.359
959 -11200 59.358
959 -11200 59.358
960 -11200 59.358
960 -11200 59.358
960 -11200 59.358
960 -11200 59.357
961 -11400 59.357
961 -11400 59.357
961 -11400 59.357
961 -11400 59.357
962 -11600 59.356
962 -11600 59.356
962 -11600 59.356
962 -11600 59.356
963 -11400 59.355
963 -11400 59.355
963 -11400 59.355
963 -11400 59.355
964 -11600 59.355
964 -11600 59.355
964 -11600 59.354
964 -11600 59.354
965 -11400 59.354
965 -11400 59.354
965 -11400 59.354
965 -11400 59.354
966 -11600 59.353
