g++ -Wall -std=c++11 -o cppbot main.cpp player.cpp skeleton/runner.cpp skeleton/states.cpp skeleton/actions.cpp -lboost_system -lboost_program_options -lpthread
player.cpp: In member function ‘virtual void Player::handle_round_over(GameState*, TerminalState*, int)’:
player.cpp:40:9: warning: unused variable ‘my_delta’ [-Wunused-variable]
     int my_delta = terminal_state->deltas[active];  // your bankroll change from this round
         ^~~~~~~~
player.cpp: In member function ‘virtual Action Player::get_action(GameState*, RoundState*, int)’:
player.cpp:72:36: error: ‘class RoundState’ has no member named ‘round_num’
     if ((NUM_ROUNDS - round_state->round_num + 1)*3 < game_state->bankroll) {
                                    ^~~~~~~~~
makefile:9: recipe for target 'cppbot' failed
make: *** [cppbot] Error 1
1 0 60
1 0 60
1 0 59.999
1 0 59.999
2 -200 59.998
2 -200 59.998
2 -200 59.998
2 -200 59.998
3 -400 59.997
3 -400 59.997
3 -400 59.997
3 -400 59.997
4 -200 59.997
4 -200 59.997
4 -200 59.996
4 -200 59.996
5 0 59.996
5 0 59.996
5 0 59.996
5 0 59.995
6 200 59.995
6 200 59.995
6 200 59.995
6 200 59.995
7 0 59.995
7 0 59.995
7 0 59.995
7 0 59.994
8 200 59.994
8 200 59.994
8 200 59.994
8 200 59.994
9 400 59.994
9 400 59.994
9 400 59.993
9 400 59.993
10 600 59.993
10 600 59.993
10 600 59.993
10 600 59.993
11 800 59.993
11 800 59.992
11 800 59.992
11 800 59.992
12 1000 59.992
12 1000 59.992
12 1000 59.992
12 1000 59.992
13 800 59.992
13 800 59.991
13 800 59.991
13 800 59.991
14 1000 59.991
14 1000 59.991
14 1000 59.991
14 1000 59.991
15 1200 59.99
15 1200 59.99
15 1200 59.99
15 1200 59.99
16 1400 59.99
16 1400 59.99
16 1400 59.99
16 1400 59.989
17 1200 59.989
17 1200 59.989
17 1200 59.989
17 1200 59.989
18 1200 59.988
18 1200 59.988
18 1200 59.988
18 1200 59.988
19 1400 59.988
19 1400 59.988
19 1400 59.988
19 1400 59.988
20 1600 59.987
20 1600 59.987
20 1600 59.987
20 1600 59.987
21 1400 59.987
21 1400 59.986
21 1400 59.986
21 1400 59.986
22 1200 59.986
22 1200 59.986
22 1200 59.985
22 1200 59.985
23 1200 59.985
23 1200 59.985
23 1200 59.985
23 1200 59.985
24 1400 59.984
24 1400 59.984
24 1400 59.984
24 1400 59.984
25 1200 59.984
25 1200 59.983
25 1200 59.983
25 1200 59.983
26 1400 59.983
26 1400 59.983
26 1400 59.983
26 1400 59.982
27 1600 59.982
27 1600 59.982
27 1600 59.982
27 1600 59.982
28 1800 59.981
28 1800 59.981
28 1800 59.981
28 1800 59.981
29 1600 59.981
29 1600 59.981
29 1600 59.981
29 1600 59.981
30 1400 59.98
30 1400 59.98
30 1400 59.98
30 1400 59.98
31 1600 59.98
31 1600 59.98
31 1600 59.98
31 1600 59.98
32 1800 59.979
32 1800 59.979
32 1800 59.979
32 1800 59.979
33 2000 59.979
33 2000 59.979
33 2000 59.979
33 2000 59.978
34 1800 59.978
34 1800 59.978
34 1800 59.978
34 1800 59.978
35 1600 59.978
35 1600 59.977
35 1600 59.977
35 1600 59.977
36 1400 59.977
36 1400 59.977
36 1400 59.977
36 1400 59.977
37 1200 59.976
37 1200 59.976
37 1200 59.976
37 1200 59.976
38 1400 59.976
38 1400 59.976
38 1400 59.975
38 1400 59.975
39 1200 59.975
39 1200 59.975
39 1200 59.975
39 1200 59.975
40 1400 59.975
40 1400 59.975
40 1400 59.974
40 1400 59.974
41 1200 59.974
41 1200 59.974
41 1200 59.974
41 1200 59.974
42 1000 59.974
42 1000 59.973
42 1000 59.973
42 1000 59.973
43 800 59.973
43 800 59.973
43 800 59.973
43 800 59.973
44 1000 59.972
44 1000 59.972
44 1000 59.972
44 1000 59.972
45 800 59.972
45 800 59.972
45 800 59.972
45 800 59.971
46 1000 59.971
46 1000 59.971
46 1000 59.971
46 1000 59.971
47 1200 59.971
47 1200 59.971
47 1200 59.971
47 1200 59.97
48 1000 59.97
48 1000 59.97
48 1000 59.97
48 1000 59.97
49 1200 59.97
49 1200 59.969
49 1200 59.969
49 1200 59.969
50 1400 59.969
50 1400 59.969
50 1400 59.969
50 1400 59.969
51 1600 59.968
51 1600 59.968
51 1600 59.968
51 1600 59.968
52 1800 59.968
52 1800 59.968
52 1800 59.967
52 1800 59.967
53 2000 59.967
53 2000 59.967
53 2000 59.967
53 2000 59.967
54 2200 59.966
54 2200 59.966
54 2200 59.966
54 2200 59.966
55 2000 59.966
55 2000 59.966
55 2000 59.965
55 2000 59.965
56 1800 59.965
56 1800 59.965
56 1800 59.965
56 1800 59.964
57 1600 59.964
57 1600 59.964
57 1600 59.964
57 1600 59.964
58 1400 59.963
58 1400 59.963
58 1400 59.963
58 1400 59.963
59 1200 59.962
59 1200 59.962
59 1200 59.962
59 1200 59.962
60 1400 59.962
60 1400 59.962
60 1400 59.961
60 1400 59.961
61 1600 59.961
61 1600 59.961
61 1600 59.961
61 1600 59.961
62 1400 59.96
62 1400 59.96
62 1400 59.96
62 1400 59.96
63 1200 59.96
63 1200 59.96
63 1200 59.959
63 1200 59.959
64 1000 59.959
64 1000 59.959
64 1000 59.959
64 1000 59.959
65 1200 59.958
65 1200 59.958
65 1200 59.958
65 1200 59.958
66 1400 59.958
66 1400 59.957
66 1400 59.957
66 1400 59.957
67 1600 59.957
67 1600 59.957
67 1600 59.957
67 1600 59.957
68 1400 59.956
68 1400 59.956
68 1400 59.956
68 1400 59.956
69 1200 59.955
69 1200 59.955
69 1200 59.955
69 1200 59.955
70 1400 59.955
70 1400 59.954
70 1400 59.954
70 1400 59.954
71 1200 59.954
71 1200 59.954
71 1200 59.954
71 1200 59.953
72 1400 59.953
72 1400 59.953
72 1400 59.953
72 1400 59.953
73 1600 59.953
73 1600 59.953
73 1600 59.952
73 1600 59.952
74 1800 59.952
74 1800 59.952
74 1800 59.952
74 1800 59.952
75 2000 59.951
75 2000 59.951
75 2000 59.951
75 2000 59.951
76 2200 59.95
76 2200 59.95
76 2200 59.95
76 2200 59.95
77 2400 59.95
77 2400 59.95
77 2400 59.949
77 2400 59.949
78 2600 59.949
78 2600 59.949
78 2600 59.949
78 2600 59.949
79 2400 59.948
79 2400 59.948
79 2400 59.948
79 2400 59.948
80 2600 59.948
80 2600 59.948
80 2600 59.945
80 2600 59.945
81 2800 59.944
81 2800 59.944
81 2800 59.944
81 2800 59.944
82 3000 59.943
82 3000 59.943
82 3000 59.943
82 3000 59.943
83 2800 59.943
83 2800 59.942
83 2800 59.942
83 2800 59.942
84 3000 59.942
84 3000 59.942
84 3000 59.942
84 3000 59.942
85 3200 59.941
85 3200 59.941
85 3200 59.941
85 3200 59.941
86 3000 59.941
86 3000 59.94
86 3000 59.94
86 3000 59.94
87 2800 59.94
87 2800 59.94
87 2800 59.94
87 2800 59.939
88 3000 59.939
88 3000 59.939
88 3000 59.939
88 3000 59.939
89 2800 59.939
89 2800 59.938
89 2800 59.938
89 2800 59.938
90 2600 59.938
90 2600 59.938
90 2600 59.938
90 2600 59.938
91 2800 59.938
91 2800 59.937
91 2800 59.937
91 2800 59.937
92 2600 59.937
92 2600 59.937
92 2600 59.937
92 2600 59.937
93 2800 59.936
93 2800 59.936
93 2800 59.936
93 2800 59.936
94 2600 59.936
94 2600 59.936
94 2600 59.936
94 2600 59.935
95 2400 59.935
95 2400 59.935
95 2400 59.935
95 2400 59.935
96 2200 59.935
96 2200 59.934
96 2200 59.934
96 2200 59.934
97 2000 59.934
97 2000 59.934
97 2000 59.933
97 2000 59.933
98 1800 59.933
98 1800 59.933
98 1800 59.933
98 1800 59.933
99 2000 59.932
99 2000 59.932
99 2000 59.932
99 2000 59.932
100 2200 59.932
100 2200 59.932
100 2200 59.932
100 2200 59.932
101 2400 59.931
101 2400 59.931
101 2400 59.931
101 2400 59.931
102 2200 59.93
102 2200 59.93
102 2200 59.93
102 2200 59.93
103 2000 59.93
103 2000 59.93
103 2000 59.929
103 2000 59.929
104 2200 59.929
104 2200 59.929
104 2200 59.929
104 2200 59.928
105 2400 59.928
105 2400 59.928
105 2400 59.928
105 2400 59.928
106 2600 59.927
106 2600 59.927
106 2600 59.927
106 2600 59.927
107 2400 59.927
107 2400 59.927
107 2400 59.927
107 2400 59.926
108 2200 59.926
108 2200 59.926
108 2200 59.926
108 2200 59.926
109 2400 59.925
109 2400 59.925
109 2400 59.925
109 2400 59.925
110 2600 59.925
110 2600 59.925
110 2600 59.925
110 2600 59.924
111 2400 59.924
111 2400 59.924
111 2400 59.924
111 2400 59.924
112 2200 59.923
112 2200 59.923
112 2200 59.923
112 2200 59.923
113 2400 59.923
113 2400 59.923
113 2400 59.923
113 2400 59.923
114 2200 59.922
114 2200 59.922
114 2200 59.922
114 2200 59.922
115 2000 59.922
115 2000 59.922
115 2000 59.922
115 2000 59.921
116 2200 59.921
116 2200 59.921
116 2200 59.921
116 2200 59.921
117 2400 59.921
117 2400 59.921
117 2400 59.92
117 2400 59.92
118 2400 59.92
118 2400 59.92
118 2400 59.92
118 2400 59.92
119 2200 59.92
119 2200 59.919
119 2200 59.919
119 2200 59.919
120 2400 59.919
120 2400 59.919
120 2400 59.919
120 2400 59.919
121 2200 59.918
121 2200 59.918
121 2200 59.918
121 2200 59.918
122 2000 59.918
122 2000 59.918
122 2000 59.918
122 2000 59.918
123 1800 59.917
123 1800 59.917
123 1800 59.917
123 1800 59.917
124 2000 59.917
124 2000 59.917
124 2000 59.917
124 2000 59.917
125 2200 59.916
125 2200 59.916
125 2200 59.916
125 2200 59.916
126 2400 59.916
126 2400 59.916
126 2400 59.916
126 2400 59.916
127 2600 59.915
127 2600 59.915
127 2600 59.915
127 2600 59.915
128 2800 59.915
128 2800 59.915
128 2800 59.915
128 2800 59.914
129 3000 59.914
129 3000 59.914
129 3000 59.914
129 3000 59.914
130 2800 59.914
130 2800 59.914
130 2800 59.913
130 2800 59.913
131 3000 59.913
131 3000 59.913
131 3000 59.913
131 3000 59.913
132 3200 59.913
132 3200 59.912
132 3200 59.912
132 3200 59.912
133 3000 59.912
133 3000 59.912
133 3000 59.912
133 3000 59.912
134 2800 59.911
134 2800 59.911
134 2800 59.911
134 2800 59.911
135 2600 59.911
135 2600 59.911
135 2600 59.911
135 2600 59.911
136 2800 59.91
136 2800 59.91
136 2800 59.91
136 2800 59.91
137 3000 59.91
137 3000 59.91
137 3000 59.91
137 3000 59.909
138 3200 59.909
138 3200 59.909
138 3200 59.909
138 3200 59.909
139 3000 59.909
139 3000 59.908
139 3000 59.908
139 3000 59.908
140 2800 59.908
140 2800 59.908
140 2800 59.908
140 2800 59.908
141 3000 59.907
141 3000 59.907
141 3000 59.907
141 3000 59.907
142 2800 59.907
142 2800 59.907
142 2800 59.906
142 2800 59.906
143 3000 59.906
143 3000 59.906
143 3000 59.906
143 3000 59.906
144 2800 59.906
144 2800 59.905
144 2800 59.905
144 2800 59.905
145 3000 59.905
145 3000 59.905
145 3000 59.905
145 3000 59.905
146 3200 59.905
146 3200 59.904
146 3200 59.904
146 3200 59.904
147 3000 59.904
147 3000 59.904
147 3000 59.904
147 3000 59.904
148 3200 59.903
148 3200 59.903
148 3200 59.903
148 3200 59.903
149 3400 59.903
149 3400 59.903
149 3400 59.903
149 3400 59.903
150 3200 59.902
150 3200 59.902
150 3200 59.902
150 3200 59.902
151 3400 59.902
151 3400 59.902
151 3400 59.902
151 3400 59.902
152 3600 59.901
152 3600 59.901
152 3600 59.901
152 3600 59.901
153 3800 59.901
153 3800 59.901
153 3800 59.9
153 3800 59.9
154 4000 59.9
154 4000 59.9
154 4000 59.9
154 4000 59.9
155 3800 59.899
155 3800 59.899
155 3800 59.899
155 3800 59.899
156 3600 59.899
156 3600 59.899
156 3600 59.899
156 3600 59.898
157 3400 59.898
157 3400 59.898
157 3400 59.898
157 3400 59.898
158 3200 59.898
158 3200 59.897
158 3200 59.897
158 3200 59.897
159 3400 59.897
159 3400 59.897
159 3400 59.897
159 3400 59.897
160 3600 59.896
160 3600 59.896
160 3600 59.896
160 3600 59.896
161 3400 59.895
161 3400 59.895
161 3400 59.895
161 3400 59.895
162 3600 59.894
162 3600 59.894
162 3600 59.894
162 3600 59.894
163 3400 59.893
163 3400 59.893
163 3400 59.893
163 3400 59.893
164 3200 59.892
164 3200 59.892
164 3200 59.892
164 3200 59.892
165 3000 59.892
165 3000 59.891
165 3000 59.891
165 3000 59.891
166 2800 59.891
166 2800 59.891
166 2800 59.891
166 2800 59.89
167 3000 59.89
167 3000 59.89
167 3000 59.89
167 3000 59.89
168 3200 59.889
168 3200 59.889
168 3200 59.889
168 3200 59.889
169 3000 59.889
169 3000 59.889
169 3000 59.889
169 3000 59.888
170 2800 59.888
170 2800 59.888
170 2800 59.888
170 2800 59.888
171 2600 59.887
171 2600 59.887
171 2600 59.887
171 2600 59.887
172 2800 59.887
172 2800 59.887
172 2800 59.886
172 2800 59.886
173 3000 59.886
173 3000 59.886
173 3000 59.886
173 3000 59.886
174 3200 59.886
174 3200 59.885
174 3200 59.885
174 3200 59.885
175 3000 59.885
175 3000 59.885
175 3000 59.885
175 3000 59.885
176 3200 59.884
176 3200 59.884
176 3200 59.884
176 3200 59.884
177 3000 59.884
177 3000 59.884
177 3000 59.884
177 3000 59.883
178 3200 59.883
178 3200 59.883
178 3200 59.883
178 3200 59.883
179 3400 59.882
179 3400 59.882
179 3400 59.882
179 3400 59.882
180 3600 59.882
180 3600 59.882
180 3600 59.881
180 3600 59.881
181 3400 59.881
181 3400 59.881
181 3400 59.881
181 3400 59.881
182 3600 59.88
182 3600 59.88
182 3600 59.88
182 3600 59.88
183 3800 59.88
183 3800 59.879
183 3800 59.879
183 3800 59.879
184 4000 59.879
184 4000 59.879
184 4000 59.879
184 4000 59.879
185 4200 59.878
185 4200 59.878
185 4200 59.878
185 4200 59.878
186 4400 59.878
186 4400 59.878
186 4400 59.877
186 4400 59.877
187 4600 59.877
187 4600 59.877
187 4600 59.877
187 4600 59.877
188 4400 59.876
188 4400 59.876
188 4400 59.876
188 4400 59.876
189 4600 59.876
189 4600 59.876
189 4600 59.875
189 4600 59.875
190 4400 59.875
190 4400 59.875
190 4400 59.875
190 4400 59.875
191 4600 59.874
191 4600 59.874
191 4600 59.874
191 4600 59.874
192 4400 59.874
192 4400 59.874
192 4400 59.873
192 4400 59.873
193 4200 59.873
193 4200 59.872
193 4200 59.872
193 4200 59.872
194 4400 59.872
194 4400 59.871
194 4400 59.871
194 4400 59.871
195 4200 59.871
195 4200 59.871
195 4200 59.871
195 4200 59.87
196 4400 59.87
196 4400 59.87
196 4400 59.87
196 4400 59.87
197 4200 59.87
197 4200 59.869
197 4200 59.869
197 4200 59.869
198 4400 59.869
198 4400 59.869
198 4400 59.868
198 4400 59.868
199 4600 59.868
199 4600 59.868
199 4600 59.868
199 4600 59.867
200 4400 59.867
200 4400 59.867
200 4400 59.867
200 4400 59.866
201 4200 59.866
201 4200 59.866
201 4200 59.866
201 4200 59.866
202 4000 59.865
202 4000 59.865
202 4000 59.865
202 4000 59.865
203 3800 59.865
203 3800 59.864
203 3800 59.864
203 3800 59.864
204 3600 59.864
204 3600 59.864
204 3600 59.864
204 3600 59.863
205 3800 59.863
205 3800 59.863
205 3800 59.863
205 3800 59.863
206 3600 59.863
206 3600 59.862
206 3600 59.862
206 3600 59.862
207 3800 59.862
207 3800 59.862
207 3800 59.862
207 3800 59.861
208 4000 59.861
208 4000 59.861
208 4000 59.861
208 4000 59.861
209 3800 59.86
209 3800 59.86
209 3800 59.86
209 3800 59.86
210 4000 59.86
210 4000 59.859
210 4000 59.859
210 4000 59.859
211 4200 59.859
211 4200 59.859
211 4200 59.859
211 4200 59.858
212 4000 59.858
212 4000 59.858
212 4000 59.858
212 4000 59.858
213 4200 59.857
213 4200 59.857
213 4200 59.857
213 4200 59.857
214 4400 59.857
214 4400 59.857
214 4400 59.857
214 4400 59.856
215 4200 59.856
215 4200 59.856
215 4200 59.856
215 4200 59.856
216 4400 59.855
216 4400 59.855
216 4400 59.855
216 4400 59.855
217 4600 59.855
217 4600 59.855
217 4600 59.855
217 4600 59.854
218 4800 59.854
218 4800 59.854
218 4800 59.854
218 4800 59.854
219 4600 59.853
219 4600 59.853
219 4600 59.853
219 4600 59.853
220 4800 59.853
220 4800 59.852
220 4800 59.852
220 4800 59.852
221 5000 59.852
221 5000 59.852
221 5000 59.852
221 5000 59.852
222 4800 59.851
222 4800 59.851
222 4800 59.851
222 4800 59.851
223 5000 59.851
223 5000 59.85
223 5000 59.85
223 5000 59.85
224 4800 59.85
224 4800 59.85
224 4800 59.85
224 4800 59.85
225 4600 59.849
225 4600 59.849
225 4600 59.849
225 4600 59.849
226 4800 59.849
226 4800 59.849
226 4800 59.849
226 4800 59.849
227 4600 59.848
227 4600 59.848
227 4600 59.848
227 4600 59.848
228 4800 59.848
228 4800 59.848
228 4800 59.848
228 4800 59.848
229 5000 59.847
229 5000 59.847
229 5000 59.847
229 5000 59.847
230 5200 59.847
230 5200 59.847
230 5200 59.847
230 5200 59.846
231 5400 59.846
231 5400 59.846
231 5400 59.846
231 5400 59.846
232 5200 59.845
232 5200 59.845
232 5200 59.845
232 5200 59.845
233 5000 59.845
233 5000 59.845
233 5000 59.845
233 5000 59.845
234 5200 59.844
234 5200 59.844
234 5200 59.844
234 5200 59.844
235 5000 59.844
235 5000 59.844
235 5000 59.844
235 5000 59.844
236 5200 59.843
236 5200 59.843
236 5200 59.843
236 5200 59.843
237 5000 59.842
237 5000 59.842
237 5000 59.842
237 5000 59.842
238 4800 59.842
238 4800 59.841
238 4800 59.841
238 4800 59.841
239 4600 59.841
239 4600 59.841
239 4600 59.84
239 4600 59.84
240 4800 59.84
240 4800 59.84
240 4800 59.84
240 4800 59.839
241 5000 59.839
241 5000 59.839
241 5000 59.839
241 5000 59.839
242 4800 59.838
242 4800 59.838
242 4800 59.838
242 4800 59.838
243 4600 59.838
243 4600 59.837
243 4600 59.837
243 4600 59.837
244 4400 59.837
244 4400 59.837
244 4400 59.837
244 4400 59.836
245 4400 59.836
245 4400 59.836
245 4400 59.836
245 4400 59.836
246 4200 59.836
246 4200 59.835
246 4200 59.835
246 4200 59.835
247 4000 59.835
247 4000 59.835
247 4000 59.835
247 4000 59.835
248 3800 59.834
248 3800 59.834
248 3800 59.834
248 3800 59.834
249 3600 59.834
249 3600 59.833
249 3600 59.833
249 3600 59.833
250 3400 59.833
250 3400 59.833
250 3400 59.832
250 3400 59.832
251 3200 59.832
251 3200 59.832
251 3200 59.832
251 3200 59.832
252 3400 59.832
252 3400 59.831
252 3400 59.831
252 3400 59.831
253 3200 59.831
253 3200 59.831
253 3200 59.831
253 3200 59.831
254 3400 59.83
254 3400 59.83
254 3400 59.83
254 3400 59.83
255 3600 59.83
255 3600 59.83
255 3600 59.83
255 3600 59.83
256 3800 59.829
256 3800 59.829
256 3800 59.829
256 3800 59.829
257 3600 59.829
257 3600 59.829
257 3600 59.829
257 3600 59.829
258 3400 59.828
258 3400 59.828
258 3400 59.828
258 3400 59.828
259 3600 59.828
259 3600 59.828
259 3600 59.828
259 3600 59.827
260 3400 59.827
260 3400 59.827
260 3400 59.827
260 3400 59.827
261 3600 59.827
261 3600 59.827
261 3600 59.826
261 3600 59.826
262 3800 59.826
262 3800 59.826
262 3800 59.826
262 3800 59.826
263 3600 59.826
263 3600 59.826
263 3600 59.825
263 3600 59.825
264 3800 59.825
264 3800 59.825
264 3800 59.825
264 3800 59.824
265 4000 59.824
265 4000 59.824
265 4000 59.824
265 4000 59.824
266 4200 59.824
266 4200 59.824
266 4200 59.823
266 4200 59.823
267 4400 59.823
267 4400 59.823
267 4400 59.823
267 4400 59.823
268 4200 59.822
268 4200 59.822
268 4200 59.822
268 4200 59.822
269 4400 59.822
269 4400 59.821
269 4400 59.821
269 4400 59.821
270 4600 59.821
270 4600 59.821
270 4600 59.82
270 4600 59.82
271 4800 59.82
271 4800 59.82
271 4800 59.82
271 4800 59.82
272 4600 59.819
272 4600 59.819
272 4600 59.819
272 4600 59.819
273 4400 59.819
273 4400 59.818
273 4400 59.818
273 4400 59.818
274 4600 59.818
274 4600 59.818
274 4600 59.817
274 4600 59.817
275 4400 59.817
275 4400 59.817
275 4400 59.817
275 4400 59.817
276 4200 59.817
276 4200 59.816
276 4200 59.816
276 4200 59.816
277 4000 59.816
277 4000 59.816
277 4000 59.816
277 4000 59.816
278 4200 59.815
278 4200 59.815
278 4200 59.815
278 4200 59.815
279 4000 59.814
279 4000 59.814
279 4000 59.814
279 4000 59.814
280 3800 59.814
280 3800 59.813
280 3800 59.813
280 3800 59.813
281 3600 59.813
281 3600 59.813
281 3600 59.812
281 3600 59.812
282 3800 59.812
282 3800 59.812
282 3800 59.812
282 3800 59.812
283 3600 59.811
283 3600 59.811
283 3600 59.811
283 3600 59.811
284 3400 59.811
284 3400 59.81
284 3400 59.81
284 3400 59.81
285 3600 59.81
285 3600 59.81
285 3600 59.81
285 3600 59.809
286 3800 59.809
286 3800 59.809
286 3800 59.809
286 3800 59.809
287 3800 59.808
287 3800 59.808
287 3800 59.808
287 3800 59.808
288 4000 59.808
288 4000 59.808
288 4000 59.807
288 4000 59.807
289 3800 59.807
289 3800 59.807
289 3800 59.807
289 3800 59.807
290 3600 59.806
290 3600 59.806
290 3600 59.806
290 3600 59.806
291 3800 59.806
291 3800 59.806
291 3800 59.805
291 3800 59.805
292 4000 59.805
292 4000 59.805
292 4000 59.805
292 4000 59.805
293 4200 59.804
293 4200 59.804
293 4200 59.804
293 4200 59.804
294 4000 59.804
294 4000 59.804
294 4000 59.803
294 4000 59.803
295 3800 59.803
295 3800 59.803
295 3800 59.803
295 3800 59.803
296 4000 59.802
296 4000 59.802
296 4000 59.802
296 4000 59.802
297 4200 59.802
297 4200 59.802
297 4200 59.801
297 4200 59.801
298 4000 59.801
298 4000 59.801
298 4000 59.801
298 4000 59.801
299 4200 59.8
299 4200 59.8
299 4200 59.8
299 4200 59.8
300 4400 59.8
300 4400 59.8
300 4400 59.799
300 4400 59.799
301 4200 59.799
301 4200 59.799
301 4200 59.799
301 4200 59.799
302 4400 59.798
302 4400 59.798
302 4400 59.798
302 4400 59.798
303 4400 59.798
303 4400 59.798
303 4400 59.797
303 4400 59.797
304 4600 59.797
304 4600 59.797
304 4600 59.797
304 4600 59.797
305 4800 59.796
305 4800 59.796
305 4800 59.796
305 4800 59.796
306 4600 59.796
306 4600 59.796
306 4600 59.795
306 4600 59.795
307 4400 59.795
307 4400 59.795
307 4400 59.795
307 4400 59.795
308 4600 59.794
308 4600 59.794
308 4600 59.794
308 4600 59.794
309 4400 59.794
309 4400 59.794
309 4400 59.793
309 4400 59.793
310 4200 59.793
310 4200 59.793
310 4200 59.793
310 4200 59.793
311 4400 59.792
311 4400 59.792
311 4400 59.792
311 4400 59.792
312 4200 59.792
312 4200 59.791
312 4200 59.791
312 4200 59.791
313 4400 59.791
313 4400 59.791
313 4400 59.791
313 4400 59.791
314 4200 59.79
314 4200 59.79
314 4200 59.79
314 4200 59.79
315 4400 59.79
315 4400 59.789
315 4400 59.789
315 4400 59.789
316 4600 59.789
316 4600 59.789
316 4600 59.789
316 4600 59.788
317 4400 59.788
317 4400 59.788
317 4400 59.788
317 4400 59.788
318 4200 59.787
318 4200 59.787
318 4200 59.787
318 4200 59.787
319 4400 59.787
319 4400 59.787
319 4400 59.786
319 4400 59.786
320 4600 59.786
320 4600 59.786
320 4600 59.786
320 4600 59.786
321 4800 59.785
321 4800 59.785
321 4800 59.785
321 4800 59.785
322 4600 59.785
322 4600 59.784
322 4600 59.784
322 4600 59.784
323 4400 59.784
323 4400 59.784
323 4400 59.784
323 4400 59.783
324 4600 59.783
324 4600 59.783
324 4600 59.783
324 4600 59.783
325 4400 59.783
325 4400 59.782
325 4400 59.782
325 4400 59.782
326 4200 59.782
326 4200 59.782
326 4200 59.782
326 4200 59.781
327 4400 59.781
327 4400 59.781
327 4400 59.781
327 4400 59.781
328 4200 59.78
328 4200 59.78
328 4200 59.78
328 4200 59.78
329 4400 59.78
329 4400 59.78
329 4400 59.779
329 4400 59.779
330 4200 59.779
330 4200 59.779
330 4200 59.779
330 4200 59.779
331 4400 59.778
331 4400 59.778
331 4400 59.778
331 4400 59.778
332 4200 59.778
332 4200 59.777
332 4200 59.777
332 4200 59.777
333 4000 59.777
333 4000 59.777
333 4000 59.777
333 4000 59.777
334 4200 59.776
334 4200 59.776
334 4200 59.776
334 4200 59.776
335 4000 59.776
335 4000 59.775
335 4000 59.775
335 4000 59.775
336 3800 59.775
336 3800 59.775
336 3800 59.775
336 3800 59.774
337 4000 59.774
337 4000 59.774
337 4000 59.774
337 4000 59.774
338 4200 59.773
338 4200 59.773
338 4200 59.773
338 4200 59.773
339 4200 59.773
339 4200 59.773
339 4200 59.772
339 4200 59.772
340 4400 59.772
340 4400 59.772
340 4400 59.772
340 4400 59.772
341 4200 59.771
341 4200 59.771
341 4200 59.771
341 4200 59.771
342 4400 59.771
342 4400 59.77
342 4400 59.77
342 4400 59.77
343 4600 59.77
343 4600 59.77
343 4600 59.77
343 4600 59.769
344 4800 59.769
344 4800 59.769
344 4800 59.769
344 4800 59.769
345 5000 59.769
345 5000 59.768
345 5000 59.768
345 5000 59.768
346 5200 59.768
346 5200 59.768
346 5200 59.768
346 5200 59.767
347 5400 59.767
347 5400 59.767
347 5400 59.767
347 5400 59.767
348 5600 59.767
348 5600 59.766
348 5600 59.766
348 5600 59.766
349 5600 59.766
349 5600 59.766
349 5600 59.766
349 5600 59.765
350 5400 59.765
350 5400 59.765
350 5400 59.765
350 5400 59.765
351 5600 59.765
351 5600 59.764
351 5600 59.764
351 5600 59.764
352 5800 59.764
352 5800 59.764
352 5800 59.764
352 5800 59.763
353 5600 59.763
353 5600 59.763
353 5600 59.763
353 5600 59.763
354 5400 59.763
354 5400 59.762
354 5400 59.762
354 5400 59.762
355 5200 59.762
355 5200 59.762
355 5200 59.762
355 5200 59.761
356 5000 59.761
356 5000 59.761
356 5000 59.761
356 5000 59.761
357 4800 59.761
357 4800 59.76
357 4800 59.76
357 4800 59.76
358 5000 59.76
358 5000 59.76
358 5000 59.759
358 5000 59.759
359 5200 59.759
359 5200 59.759
359 5200 59.759
359 5200 59.759
360 5400 59.758
360 5400 59.758
360 5400 59.758
360 5400 59.758
361 5200 59.758
361 5200 59.758
361 5200 59.757
361 5200 59.757
362 5400 59.757
362 5400 59.757
362 5400 59.757
362 5400 59.757
363 5600 59.756
363 5600 59.756
363 5600 59.756
363 5600 59.756
364 5400 59.756
364 5400 59.755
364 5400 59.755
364 5400 59.755
365 5200 59.755
365 5200 59.755
365 5200 59.755
365 5200 59.754
366 5200 59.754
366 5200 59.754
366 5200 59.754
366 5200 59.754
367 5400 59.753
367 5400 59.753
367 5400 59.753
367 5400 59.753
368 5600 59.753
368 5600 59.752
368 5600 59.752
368 5600 59.752
369 5400 59.752
369 5400 59.752
369 5400 59.752
369 5400 59.751
370 5600 59.751
370 5600 59.751
370 5600 59.751
370 5600 59.751
371 5400 59.751
371 5400 59.75
371 5400 59.75
371 5400 59.75
372 5200 59.75
372 5200 59.75
372 5200 59.75
372 5200 59.749
373 5000 59.749
373 5000 59.749
373 5000 59.749
373 5000 59.749
374 5200 59.749
374 5200 59.748
374 5200 59.748
374 5200 59.748
375 5000 59.748
375 5000 59.748
375 5000 59.747
375 5000 59.747
376 4800 59.747
376 4800 59.747
376 4800 59.747
376 4800 59.746
377 5000 59.746
377 5000 59.746
377 5000 59.746
377 5000 59.746
378 4800 59.745
378 4800 59.745
378 4800 59.745
378 4800 59.745
379 5000 59.745
379 5000 59.745
379 5000 59.744
379 5000 59.744
380 4800 59.744
380 4800 59.744
380 4800 59.743
380 4800 59.743
381 4600 59.743
381 4600 59.743
381 4600 59.742
381 4600 59.742
382 4400 59.742
382 4400 59.742
382 4400 59.742
382 4400 59.741
383 4200 59.741
383 4200 59.741
383 4200 59.741
383 4200 59.741
384 4400 59.74
384 4400 59.74
384 4400 59.74
384 4400 59.74
385 4200 59.74
385 4200 59.74
385 4200 59.739
385 4200 59.739
386 4000 59.739
386 4000 59.739
386 4000 59.739
386 4000 59.739
387 4200 59.738
387 4200 59.738
387 4200 59.738
387 4200 59.738
388 4000 59.738
388 4000 59.738
388 4000 59.737
388 4000 59.737
389 4200 59.737
389 4200 59.737
389 4200 59.737
389 4200 59.737
390 4400 59.736
390 4400 59.736
390 4400 59.736
390 4400 59.736
391 4600 59.736
391 4600 59.735
391 4600 59.735
391 4600 59.735
392 4800 59.735
392 4800 59.735
392 4800 59.735
392 4800 59.734
393 5000 59.734
393 5000 59.734
393 5000 59.734
393 5000 59.734
394 5200 59.733
394 5200 59.733
394 5200 59.733
394 5200 59.733
395 5000 59.733
395 5000 59.733
395 5000 59.732
395 5000 59.732
396 5000 59.732
396 5000 59.732
396 5000 59.732
396 5000 59.732
397 5000 59.731
397 5000 59.731
397 5000 59.731
397 5000 59.731
398 4800 59.731
398 4800 59.731
398 4800 59.73
398 4800 59.73
399 4600 59.73
399 4600 59.73
399 4600 59.73
399 4600 59.73
400 4800 59.729
400 4800 59.729
400 4800 59.729
400 4800 59.729
401 5000 59.729
401 5000 59.729
401 5000 59.728
401 5000 59.728
402 5200 59.728
402 5200 59.728
402 5200 59.728
402 5200 59.728
403 5400 59.727
403 5400 59.727
403 5400 59.727
403 5400 59.727
404 5600 59.727
404 5600 59.726
404 5600 59.726
404 5600 59.726
405 5800 59.726
405 5800 59.726
405 5800 59.726
405 5800 59.725
406 6000 59.725
406 6000 59.725
406 6000 59.725
406 6000 59.725
407 6200 59.725
407 6200 59.724
407 6200 59.724
407 6200 59.724
408 6000 59.724
408 6000 59.724
408 6000 59.724
408 6000 59.723
409 6200 59.723
409 6200 59.723
409 6200 59.723
409 6200 59.723
410 6400 59.722
410 6400 59.722
410 6400 59.722
410 6400 59.722
411 6200 59.722
411 6200 59.721
411 6200 59.721
411 6200 59.721
412 6400 59.721
412 6400 59.721
412 6400 59.72
412 6400 59.72
413 6600 59.72
413 6600 59.719
413 6600 59.719
413 6600 59.719
414 6800 59.719
414 6800 59.719
414 6800 59.718
414 6800 59.718
415 7000 59.718
415 7000 59.718
415 7000 59.718
415 7000 59.718
416 7200 59.717
416 7200 59.717
416 7200 59.717
416 7200 59.717
417 7400 59.717
417 7400 59.717
417 7400 59.716
417 7400 59.716
418 7600 59.716
418 7600 59.716
418 7600 59.716
418 7600 59.716
419 7800 59.715
419 7800 59.715
419 7800 59.715
419 7800 59.715
420 7800 59.715
420 7800 59.714
420 7800 59.714
420 7800 59.714
421 8000 59.714
421 8000 59.714
421 8000 59.714
421 8000 59.714
422 7800 59.713
422 7800 59.713
422 7800 59.713
422 7800 59.713
423 8000 59.713
423 8000 59.712
423 8000 59.712
423 8000 59.712
424 8200 59.712
424 8200 59.712
424 8200 59.711
424 8200 59.711
425 8400 59.711
425 8400 59.711
425 8400 59.711
425 8400 59.711
426 8200 59.71
426 8200 59.71
426 8200 59.71
426 8200 59.71
427 8000 59.71
427 8000 59.71
427 8000 59.709
427 8000 59.709
428 8200 59.709
428 8200 59.709
428 8200 59.709
428 8200 59.708
429 8000 59.708
429 8000 59.708
429 8000 59.708
429 8000 59.708
430 8200 59.708
430 8200 59.707
430 8200 59.707
430 8200 59.707
431 8400 59.707
431 8400 59.707
431 8400 59.707
431 8400 59.706
432 8200 59.706
432 8200 59.706
432 8200 59.706
432 8200 59.706
433 8000 59.706
433 8000 59.705
433 8000 59.705
433 8000 59.705
434 8200 59.705
434 8200 59.705
434 8200 59.705
434 8200 59.705
435 8400 59.704
435 8400 59.704
435 8400 59.704
435 8400 59.704
436 8600 59.704
436 8600 59.704
436 8600 59.704
436 8600 59.703
437 8400 59.703
437 8400 59.703
437 8400 59.703
437 8400 59.703
438 8200 59.703
438 8200 59.703
438 8200 59.702
438 8200 59.702
439 8000 59.702
439 8000 59.702
439 8000 59.702
439 8000 59.702
440 8200 59.701
440 8200 59.701
440 8200 59.701
440 8200 59.701
441 8400 59.7
441 8400 59.7
441 8400 59.7
441 8400 59.7
442 8600 59.7
442 8600 59.7
442 8600 59.7
442 8600 59.699
443 8800 59.699
443 8800 59.699
443 8800 59.699
443 8800 59.699
444 9000 59.698
444 9000 59.698
444 9000 59.698
444 9000 59.698
445 9200 59.698
445 9200 59.698
445 9200 59.697
445 9200 59.697
446 9000 59.697
446 9000 59.697
446 9000 59.697
446 9000 59.697
447 9000 59.696
447 9000 59.696
447 9000 59.696
447 9000 59.696
448 9000 59.696
448 9000 59.696
448 9000 59.695
448 9000 59.695
449 9200 59.695
449 9200 59.695
449 9200 59.695
449 9200 59.695
450 9400 59.694
450 9400 59.694
450 9400 59.694
450 9400 59.694
451 9600 59.694
451 9600 59.694
451 9600 59.693
451 9600 59.693
452 9600 59.693
452 9600 59.693
452 9600 59.693
452 9600 59.692
453 9800 59.692
453 9800 59.692
453 9800 59.692
453 9800 59.692
454 9600 59.691
454 9600 59.691
454 9600 59.691
454 9600 59.691
455 9400 59.691
455 9400 59.69
455 9400 59.69
455 9400 59.69
456 9600 59.69
456 9600 59.69
456 9600 59.69
456 9600 59.69
457 9800 59.689
457 9800 59.689
457 9800 59.689
457 9800 59.689
458 10000 59.689
458 10000 59.688
458 10000 59.688
458 10000 59.688
459 9800 59.688
459 9800 59.688
459 9800 59.688
459 9800 59.687
460 10000 59.687
460 10000 59.687
460 10000 59.687
460 10000 59.687
461 9800 59.686
461 9800 59.686
461 9800 59.686
461 9800 59.686
462 9600 59.686
462 9600 59.686
462 9600 59.685
462 9600 59.685
463 9800 59.685
463 9800 59.685
463 9800 59.685
463 9800 59.685
464 10000 59.684
464 10000 59.684
464 10000 59.684
464 10000 59.684
465 9800 59.684
465 9800 59.684
465 9800 59.683
465 9800 59.683
466 10000 59.683
466 10000 59.683
466 10000 59.683
466 10000 59.683
467 10200 59.683
467 10200 59.682
467 10200 59.682
467 10200 59.682
468 10000 59.682
468 10000 59.682
468 10000 59.682
468 10000 59.682
469 9800 59.681
469 9800 59.681
469 9800 59.681
469 9800 59.681
470 9600 59.681
470 9600 59.681
470 9600 59.68
470 9600 59.68
471 9400 59.68
471 9400 59.68
471 9400 59.68
471 9400 59.68
472 9400 59.68
472 9400 59.679
472 9400 59.679
472 9400 59.679
473 9600 59.679
473 9600 59.679
473 9600 59.678
473 9600 59.678
474 9400 59.678
474 9400 59.678
474 9400 59.678
474 9400 59.677
475 9600 59.677
475 9600 59.677
475 9600 59.677
475 9600 59.677
476 9400 59.676
476 9400 59.676
476 9400 59.676
476 9400 59.676
477 9200 59.676
477 9200 59.676
477 9200 59.676
477 9200 59.676
478 9400 59.675
478 9400 59.675
478 9400 59.675
478 9400 59.675
479 9200 59.675
479 9200 59.675
479 9200 59.674
479 9200 59.674
480 9000 59.674
480 9000 59.674
480 9000 59.674
480 9000 59.674
481 9000 59.673
481 9000 59.673
481 9000 59.673
481 9000 59.673
482 9200 59.673
482 9200 59.672
482 9200 59.672
482 9200 59.672
483 9000 59.672
483 9000 59.672
483 9000 59.672
483 9000 59.672
484 9200 59.671
484 9200 59.671
484 9200 59.671
484 9200 59.671
485 9400 59.671
485 9400 59.67
485 9400 59.67
485 9400 59.67
486 9600 59.67
486 9600 59.67
486 9600 59.67
486 9600 59.669
487 9800 59.669
487 9800 59.669
487 9800 59.669
487 9800 59.669
488 10000 59.669
488 10000 59.668
488 10000 59.668
488 10000 59.668
489 10200 59.668
489 10200 59.668
489 10200 59.668
489 10200 59.667
490 10000 59.667
490 10000 59.667
490 10000 59.667
490 10000 59.667
491 9800 59.666
491 9800 59.666
491 9800 59.666
491 9800 59.666
492 10000 59.666
492 10000 59.666
492 10000 59.666
492 10000 59.665
493 9800 59.665
493 9800 59.665
493 9800 59.665
493 9800 59.665
494 9600 59.665
494 9600 59.664
494 9600 59.664
494 9600 59.664
495 9800 59.664
495 9800 59.664
495 9800 59.663
495 9800 59.663
496 9600 59.663
496 9600 59.663
496 9600 59.663
496 9600 59.662
497 9400 59.662
497 9400 59.662
497 9400 59.662
497 9400 59.662
498 9200 59.662
498 9200 59.661
498 9200 59.661
498 9200 59.661
499 9400 59.661
499 9400 59.661
499 9400 59.661
499 9400 59.66
500 9200 59.66
500 9200 59.66
500 9200 59.66
500 9200 59.66
501 9400 59.659
501 9400 59.659
501 9400 59.659
501 9400 59.659
502 9600 59.659
502 9600 59.658
502 9600 59.658
502 9600 59.658
503 9400 59.658
503 9400 59.658
503 9400 59.658
503 9400 59.658
504 9200 59.657
504 9200 59.657
504 9200 59.657
504 9200 59.657
505 9400 59.657
505 9400 59.656
505 9400 59.656
505 9400 59.656
506 9600 59.656
506 9600 59.656
506 9600 59.656
506 9600 59.655
507 9800 59.655
507 9800 59.655
507 9800 59.655
507 9800 59.655
508 9600 59.655
508 9600 59.654
508 9600 59.654
508 9600 59.654
509 9800 59.654
509 9800 59.654
509 9800 59.653
509 9800 59.653
510 9600 59.653
510 9600 59.653
510 9600 59.653
510 9600 59.652
511 9400 59.652
511 9400 59.652
511 9400 59.652
511 9400 59.652
512 9200 59.652
512 9200 59.651
512 9200 59.651
512 9200 59.651
513 9400 59.651
513 9400 59.651
513 9400 59.651
513 9400 59.651
514 9600 59.65
514 9600 59.65
514 9600 59.65
514 9600 59.65
515 9400 59.65
515 9400 59.65
515 9400 59.649
515 9400 59.649
516 9200 59.649
516 9200 59.649
516 9200 59.649
516 9200 59.649
517 9000 59.648
517 9000 59.648
517 9000 59.648
517 9000 59.648
518 9200 59.648
518 9200 59.648
518 9200 59.647
518 9200 59.647
519 9400 59.647
519 9400 59.647
519 9400 59.647
519 9400 59.647
520 9600 59.647
520 9600 59.646
520 9600 59.646
520 9600 59.646
521 9800 59.646
521 9800 59.646
521 9800 59.646
521 9800 59.646
522 9600 59.645
522 9600 59.645
522 9600 59.645
522 9600 59.645
523 9400 59.645
523 9400 59.644
523 9400 59.644
523 9400 59.644
524 9200 59.644
524 9200 59.644
524 9200 59.644
524 9200 59.643
525 9000 59.643
525 9000 59.643
525 9000 59.643
525 9000 59.643
526 8800 59.642
526 8800 59.642
526 8800 59.642
526 8800 59.642
527 9000 59.642
527 9000 59.642
527 9000 59.641
527 9000 59.641
528 9200 59.641
528 9200 59.641
528 9200 59.641
528 9200 59.641
529 9200 59.64
529 9200 59.64
529 9200 59.64
529 9200 59.64
530 9000 59.64
530 9000 59.64
530 9000 59.639
530 9000 59.639
531 8800 59.639
531 8800 59.639
531 8800 59.639
531 8800 59.639
532 9000 59.638
532 9000 59.638
532 9000 59.638
532 9000 59.638
533 9200 59.637
533 9200 59.637
533 9200 59.637
533 9200 59.637
534 9200 59.637
534 9200 59.636
534 9200 59.636
534 9200 59.636
535 9400 59.636
535 9400 59.636
535 9400 59.636
535 9400 59.636
536 9600 59.635
536 9600 59.635
536 9600 59.635
536 9600 59.635
537 9400 59.635
537 9400 59.635
537 9400 59.635
537 9400 59.635
538 9200 59.634
538 9200 59.634
538 9200 59.634
538 9200 59.634
539 9400 59.634
539 9400 59.634
539 9400 59.633
539 9400 59.633
540 9400 59.633
540 9400 59.633
540 9400 59.633
540 9400 59.632
541 9200 59.632
541 9200 59.632
541 9200 59.632
541 9200 59.632
542 9000 59.632
542 9000 59.631
542 9000 59.631
542 9000 59.631
543 9200 59.631
543 9200 59.631
543 9200 59.631
543 9200 59.63
544 9400 59.63
544 9400 59.63
544 9400 59.63
544 9400 59.63
545 9600 59.63
545 9600 59.629
545 9600 59.629
545 9600 59.629
546 9800 59.629
546 9800 59.629
546 9800 59.629
546 9800 59.629
547 9600 59.628
547 9600 59.628
547 9600 59.628
547 9600 59.628
548 9400 59.628
548 9400 59.628
548 9400 59.628
548 9400 59.627
549 9200 59.627
549 9200 59.627
549 9200 59.627
549 9200 59.627
550 9400 59.626
550 9400 59.626
550 9400 59.626
550 9400 59.626
551 9600 59.626
551 9600 59.626
551 9600 59.626
551 9600 59.625
552 9800 59.625
552 9800 59.625
552 9800 59.625
552 9800 59.625
553 9600 59.624
553 9600 59.624
553 9600 59.624
553 9600 59.624
554 9400 59.624
554 9400 59.623
554 9400 59.623
554 9400 59.623
555 9600 59.623
555 9600 59.623
555 9600 59.622
555 9600 59.622
556 9800 59.622
556 9800 59.622
556 9800 59.622
556 9800 59.622
557 9600 59.621
557 9600 59.621
557 9600 59.621
557 9600 59.621
558 9800 59.621
558 9800 59.621
558 9800 59.62
558 9800 59.62
559 9600 59.62
559 9600 59.62
559 9600 59.62
559 9600 59.62
560 9800 59.619
560 9800 59.619
560 9800 59.619
560 9800 59.619
561 9600 59.619
561 9600 59.619
561 9600 59.619
561 9600 59.618
562 9400 59.618
562 9400 59.618
562 9400 59.618
562 9400 59.618
563 9600 59.617
563 9600 59.617
563 9600 59.617
563 9600 59.617
564 9400 59.617
564 9400 59.617
564 9400 59.616
564 9400 59.616
565 9200 59.616
565 9200 59.616
565 9200 59.616
565 9200 59.616
566 9400 59.615
566 9400 59.615
566 9400 59.615
566 9400 59.615
567 9200 59.615
567 9200 59.614
567 9200 59.614
567 9200 59.614
568 9000 59.614
568 9000 59.614
568 9000 59.614
568 9000 59.613
569 8800 59.613
569 8800 59.613
569 8800 59.613
569 8800 59.613
570 9000 59.613
570 9000 59.612
570 9000 59.612
570 9000 59.612
571 9200 59.612
571 9200 59.612
571 9200 59.611
571 9200 59.611
572 9000 59.611
572 9000 59.611
572 9000 59.611
572 9000 59.61
573 9200 59.61
573 9200 59.61
573 9200 59.61
573 9200 59.61
574 9400 59.609
574 9400 59.609
574 9400 59.609
574 9400 59.609
575 9600 59.608
575 9600 59.608
575 9600 59.608
575 9600 59.608
576 9400 59.608
576 9400 59.608
576 9400 59.608
576 9400 59.607
577 9200 59.607
577 9200 59.607
577 9200 59.607
577 9200 59.607
578 9400 59.606
578 9400 59.606
578 9400 59.606
578 9400 59.606
579 9200 59.606
579 9200 59.606
579 9200 59.605
579 9200 59.605
580 9200 59.605
580 9200 59.605
580 9200 59.605
580 9200 59.605
581 9400 59.604
581 9400 59.604
581 9400 59.604
581 9400 59.604
582 9200 59.604
582 9200 59.604
582 9200 59.603
582 9200 59.603
583 9000 59.603
583 9000 59.603
583 9000 59.603
583 9000 59.603
584 9200 59.602
584 9200 59.602
584 9200 59.602
584 9200 59.602
585 9400 59.602
585 9400 59.602
585 9400 59.601
585 9400 59.601
586 9200 59.601
586 9200 59.601
586 9200 59.601
586 9200 59.601
587 9000 59.6
587 9000 59.6
587 9000 59.6
587 9000 59.6
588 8800 59.6
588 8800 59.6
588 8800 59.6
588 8800 59.599
589 9000 59.599
589 9000 59.599
589 9000 59.599
589 9000 59.598
590 9200 59.598
590 9200 59.598
590 9200 59.598
590 9200 59.598
591 9000 59.598
591 9000 59.597
591 9000 59.597
591 9000 59.597
592 9200 59.597
592 9200 59.597
592 9200 59.597
592 9200 59.597
593 9400 59.596
593 9400 59.596
593 9400 59.596
593 9400 59.596
594 9600 59.596
594 9600 59.596
594 9600 59.596
594 9600 59.595
595 9400 59.595
595 9400 59.595
595 9400 59.595
595 9400 59.595
596 9200 59.594
596 9200 59.594
596 9200 59.594
596 9200 59.594
597 9000 59.594
597 9000 59.594
597 9000 59.594
597 9000 59.594
598 9000 59.593
598 9000 59.593
598 9000 59.593
598 9000 59.593
599 8800 59.593
599 8800 59.593
599 8800 59.593
599 8800 59.592
600 9000 59.592
600 9000 59.592
600 9000 59.592
600 9000 59.592
601 8800 59.592
601 8800 59.592
601 8800 59.592
601 8800 59.591
602 8600 59.591
602 8600 59.591
602 8600 59.591
602 8600 59.591
603 8800 59.591
603 8800 59.59
603 8800 59.59
603 8800 59.59
604 9000 59.59
604 9000 59.59
604 9000 59.59
604 9000 59.589
605 9200 59.589
605 9200 59.589
605 9200 59.589
605 9200 59.589
606 9400 59.589
606 9400 59.589
606 9400 59.588
606 9400 59.588
607 9600 59.588
607 9600 59.588
607 9600 59.588
607 9600 59.588
608 9600 59.588
608 9600 59.587
608 9600 59.587
608 9600 59.587
609 9400 59.587
609 9400 59.587
609 9400 59.587
609 9400 59.587
610 9200 59.586
610 9200 59.586
610 9200 59.586
610 9200 59.586
611 9400 59.586
611 9400 59.586
611 9400 59.586
611 9400 59.585
612 9600 59.585
612 9600 59.585
612 9600 59.585
612 9600 59.585
613 9400 59.585
613 9400 59.584
613 9400 59.584
613 9400 59.584
614 9600 59.584
614 9600 59.584
614 9600 59.584
614 9600 59.584
615 9800 59.583
615 9800 59.583
615 9800 59.583
615 9800 59.583
616 9600 59.583
616 9600 59.583
616 9600 59.583
616 9600 59.582
617 9400 59.582
617 9400 59.582
617 9400 59.582
617 9400 59.582
618 9200 59.582
618 9200 59.582
618 9200 59.581
618 9200 59.581
619 9000 59.581
619 9000 59.581
619 9000 59.581
619 9000 59.581
620 9200 59.581
620 9200 59.58
620 9200 59.58
620 9200 59.58
621 9000 59.58
621 9000 59.58
621 9000 59.58
621 9000 59.58
622 9000 59.579
622 9000 59.579
622 9000 59.579
622 9000 59.579
623 9200 59.579
623 9200 59.579
623 9200 59.578
623 9200 59.578
624 9400 59.578
624 9400 59.578
624 9400 59.578
624 9400 59.578
625 9600 59.578
625 9600 59.577
625 9600 59.577
625 9600 59.577
626 9800 59.577
626 9800 59.577
626 9800 59.577
626 9800 59.576
627 9600 59.576
627 9600 59.576
627 9600 59.576
627 9600 59.575
628 9400 59.575
628 9400 59.575
628 9400 59.575
628 9400 59.575
629 9200 59.574
629 9200 59.574
629 9200 59.574
629 9200 59.574
630 9400 59.574
630 9400 59.574
630 9400 59.573
630 9400 59.573
631 9600 59.573
631 9600 59.573
631 9600 59.573
631 9600 59.573
632 9800 59.572
632 9800 59.572
632 9800 59.572
632 9800 59.572
633 10000 59.572
633 10000 59.572
633 10000 59.571
633 10000 59.571
634 9800 59.571
634 9800 59.571
634 9800 59.571
634 9800 59.571
635 10000 59.57
635 10000 59.57
635 10000 59.57
635 10000 59.57
636 10200 59.57
636 10200 59.569
636 10200 59.569
636 10200 59.569
637 10400 59.569
637 10400 59.569
637 10400 59.568
637 10400 59.568
638 10600 59.568
638 10600 59.568
638 10600 59.568
638 10600 59.567
639 10400 59.567
639 10400 59.567
639 10400 59.567
639 10400 59.567
640 10600 59.567
640 10600 59.566
640 10600 59.566
640 10600 59.566
641 10400 59.566
641 10400 59.566
641 10400 59.566
641 10400 59.565
642 10200 59.565
642 10200 59.565
642 10200 59.565
642 10200 59.565
643 10200 59.565
643 10200 59.564
643 10200 59.564
643 10200 59.564
644 10000 59.564
644 10000 59.564
644 10000 59.564
644 10000 59.564
645 10200 59.563
645 10200 59.563
645 10200 59.563
645 10200 59.563
646 10000 59.563
646 10000 59.563
646 10000 59.563
646 10000 59.563
647 9800 59.562
647 9800 59.562
647 9800 59.562
647 9800 59.562
648 9600 59.562
648 9600 59.562
648 9600 59.562
648 9600 59.561
649 9400 59.561
649 9400 59.561
649 9400 59.561
649 9400 59.561
650 9600 59.561
650 9600 59.56
650 9600 59.56
650 9600 59.56
651 9800 59.56
651 9800 59.56
651 9800 59.56
651 9800 59.56
652 9600 59.559
652 9600 59.559
652 9600 59.559
652 9600 59.559
653 9800 59.559
653 9800 59.559
653 9800 59.558
653 9800 59.558
654 9800 59.558
654 9800 59.558
654 9800 59.558
654 9800 59.558
655 10000 59.557
655 10000 59.557
655 10000 59.557
655 10000 59.557
656 10000 59.557
656 10000 59.557
656 10000 59.556
656 10000 59.556
657 10200 59.556
657 10200 59.556
657 10200 59.556
657 10200 59.555
658 10400 59.555
658 10400 59.555
658 10400 59.555
658 10400 59.555
659 10200 59.554
659 10200 59.554
659 10200 59.554
659 10200 59.554
660 10400 59.553
660 10400 59.553
660 10400 59.553
660 10400 59.553
661 10200 59.553
661 10200 59.552
661 10200 59.552
661 10200 59.552
662 10400 59.552
662 10400 59.552
662 10400 59.552
662 10400 59.552
663 10600 59.551
663 10600 59.551
663 10600 59.551
663 10600 59.551
664 10800 59.551
664 10800 59.551
664 10800 59.55
664 10800 59.55
665 10600 59.55
665 10600 59.55
665 10600 59.55
665 10600 59.55
666 10800 59.549
666 10800 59.549
666 10800 59.549
666 10800 59.549
667 11000 59.548
667 11000 59.548
667 11000 59.548
667 11000 59.548
668 10800 59.548
668 10800 59.548
668 10800 59.547
668 10800 59.547
669 11000 59.547
669 11000 59.547
669 11000 59.547
669 11000 59.547
670 11200 59.546
670 11200 59.546
670 11200 59.546
670 11200 59.546
671 11000 59.546
671 11000 59.545
671 11000 59.545
671 11000 59.545
672 11200 59.545
672 11200 59.545
672 11200 59.545
672 11200 59.545
673 11400 59.544
673 11400 59.544
673 11400 59.544
673 11400 59.544
674 11600 59.544
674 11600 59.543
674 11600 59.543
674 11600 59.543
675 11400 59.543
675 11400 59.543
675 11400 59.543
675 11400 59.543
676 11400 59.542
676 11400 59.542
676 11400 59.542
676 11400 59.542
677 11200 59.541
677 11200 59.541
677 11200 59.541
677 11200 59.541
678 11400 59.541
678 11400 59.541
678 11400 59.54
678 11400 59.54
679 11200 59.54
679 11200 59.54
679 11200 59.54
679 11200 59.539
680 11200 59.539
680 11200 59.539
680 11200 59.539
680 11200 59.539
681 11400 59.539
681 11400 59.538
681 11400 59.538
681 11400 59.538
682 11600 59.538
682 11600 59.538
682 11600 59.538
682 11600 59.538
683 11400 59.537
683 11400 59.537
683 11400 59.537
683 11400 59.537
684 11200 59.537
684 11200 59.537
684 11200 59.537
684 11200 59.537
685 11000 59.536
685 11000 59.536
685 11000 59.536
685 11000 59.536
686 10800 59.536
686 10800 59.536
686 10800 59.536
686 10800 59.536
687 10600 59.535
687 10600 59.535
687 10600 59.535
687 10600 59.535
688 10400 59.535
688 10400 59.535
688 10400 59.535
688 10400 59.535
689 10600 59.534
689 10600 59.534
689 10600 59.534
689 10600 59.534
690 10800 59.534
690 10800 59.534
690 10800 59.534
690 10800 59.533
691 10600 59.533
691 10600 59.533
691 10600 59.533
691 10600 59.533
692 10400 59.532
692 10400 59.532
692 10400 59.532
692 10400 59.532
693 10600 59.532
693 10600 59.532
693 10600 59.531
693 10600 59.531
694 10400 59.531
694 10400 59.531
694 10400 59.531
694 10400 59.531
695 10600 59.53
695 10600 59.53
695 10600 59.53
695 10600 59.53
696 10400 59.53
696 10400 59.53
696 10400 59.529
696 10400 59.529
697 10200 59.529
697 10200 59.529
697 10200 59.529
697 10200 59.529
698 10000 59.528
698 10000 59.528
698 10000 59.528
698 10000 59.528
699 9800 59.528
699 9800 59.528
699 9800 59.528
699 9800 59.527
700 9600 59.527
700 9600 59.527
700 9600 59.527
700 9600 59.527
701 9400 59.526
701 9400 59.526
701 9400 59.526
701 9400 59.526
702 9200 59.526
702 9200 59.526
702 9200 59.525
702 9200 59.525
703 9400 59.525
703 9400 59.525
703 9400 59.525
703 9400 59.525
704 9600 59.525
704 9600 59.524
704 9600 59.524
704 9600 59.524
705 9800 59.524
705 9800 59.524
705 9800 59.524
705 9800 59.524
706 9600 59.523
706 9600 59.523
706 9600 59.523
706 9600 59.523
707 9400 59.523
707 9400 59.523
707 9400 59.522
707 9400 59.522
708 9200 59.522
708 9200 59.522
708 9200 59.522
708 9200 59.522
709 9000 59.522
709 9000 59.521
709 9000 59.521
709 9000 59.521
710 8800 59.521
710 8800 59.521
710 8800 59.521
710 8800 59.521
711 9000 59.521
711 9000 59.52
711 9000 59.52
711 9000 59.52
712 8800 59.52
712 8800 59.52
712 8800 59.52
712 8800 59.52
713 8800 59.519
713 8800 59.519
713 8800 59.519
713 8800 59.519
714 8600 59.519
714 8600 59.519
714 8600 59.518
714 8600 59.518
715 8800 59.518
715 8800 59.518
715 8800 59.518
715 8800 59.518
716 9000 59.517
716 9000 59.517
716 9000 59.517
716 9000 59.517
717 9200 59.517
717 9200 59.517
717 9200 59.517
717 9200 59.517
718 9400 59.516
718 9400 59.516
718 9400 59.516
718 9400 59.516
719 9600 59.516
719 9600 59.516
719 9600 59.516
719 9600 59.516
720 9400 59.515
720 9400 59.515
720 9400 59.515
720 9400 59.515
721 9200 59.515
721 9200 59.515
721 9200 59.515
721 9200 59.514
722 9400 59.514
722 9400 59.514
722 9400 59.514
722 9400 59.514
723 9200 59.514
723 9200 59.514
723 9200 59.514
723 9200 59.513
724 9400 59.513
724 9400 59.513
724 9400 59.513
724 9400 59.513
725 9600 59.513
725 9600 59.513
725 9600 59.512
725 9600 59.512
726 9400 59.512
726 9400 59.512
726 9400 59.512
726 9400 59.512
727 9600 59.512
727 9600 59.511
727 9600 59.511
727 9600 59.511
728 9800 59.511
728 9800 59.511
728 9800 59.511
728 9800 59.511
729 9600 59.51
729 9600 59.51
729 9600 59.51
729 9600 59.51
730 9400 59.51
730 9400 59.51
730 9400 59.51
730 9400 59.51
731 9200 59.509
731 9200 59.509
731 9200 59.509
731 9200 59.509
732 9000 59.509
732 9000 59.509
732 9000 59.509
732 9000 59.509
733 9200 59.508
733 9200 59.508
733 9200 59.508
733 9200 59.508
734 9400 59.508
734 9400 59.508
734 9400 59.508
734 9400 59.507
735 9600 59.507
735 9600 59.507
735 9600 59.507
735 9600 59.507
736 9400 59.507
736 9400 59.506
736 9400 59.506
736 9400 59.506
737 9200 59.506
737 9200 59.506
737 9200 59.505
737 9200 59.505
738 9400 59.505
738 9400 59.505
738 9400 59.505
738 9400 59.504
739 9600 59.504
739 9600 59.504
739 9600 59.504
739 9600 59.504
740 9800 59.504
740 9800 59.503
740 9800 59.503
740 9800 59.503
741 9600 59.503
741 9600 59.503
741 9600 59.503
741 9600 59.503
742 9800 59.502
742 9800 59.502
742 9800 59.502
742 9800 59.502
743 10000 59.502
743 10000 59.501
743 10000 59.501
743 10000 59.501
744 9800 59.501
744 9800 59.501
744 9800 59.501
744 9800 59.5
745 10000 59.5
745 10000 59.5
745 10000 59.5
745 10000 59.5
746 10200 59.499
746 10200 59.499
746 10200 59.499
746 10200 59.499
747 10000 59.499
747 10000 59.499
747 10000 59.499
747 10000 59.498
748 10200 59.498
748 10200 59.498
748 10200 59.498
748 10200 59.498
749 10000 59.498
749 10000 59.497
749 10000 59.497
749 10000 59.497
750 10200 59.497
750 10200 59.497
750 10200 59.497
750 10200 59.496
751 10400 59.496
751 10400 59.496
751 10400 59.496
751 10400 59.496
752 10200 59.496
752 10200 59.495
752 10200 59.495
752 10200 59.495
753 10400 59.495
753 10400 59.495
753 10400 59.495
753 10400 59.494
754 10600 59.494
754 10600 59.494
754 10600 59.494
754 10600 59.494
755 10800 59.493
755 10800 59.493
755 10800 59.493
755 10800 59.493
756 10600 59.493
756 10600 59.493
756 10600 59.493
756 10600 59.492
757 10400 59.492
757 10400 59.492
757 10400 59.492
757 10400 59.492
758 10200 59.491
758 10200 59.491
758 10200 59.491
758 10200 59.491
759 10400 59.491
759 10400 59.491
759 10400 59.491
759 10400 59.49
760 10200 59.49
760 10200 59.49
760 10200 59.49
760 10200 59.49
761 10000 59.489
761 10000 59.489
761 10000 59.489
761 10000 59.489
762 10200 59.489
762 10200 59.489
762 10200 59.489
762 10200 59.488
763 10000 59.488
763 10000 59.488
763 10000 59.488
763 10000 59.488
764 10200 59.487
764 10200 59.487
764 10200 59.487
764 10200 59.487
765 10000 59.487
765 10000 59.487
765 10000 59.486
765 10000 59.486
766 9800 59.486
766 9800 59.486
766 9800 59.486
766 9800 59.486
767 9600 59.485
767 9600 59.485
767 9600 59.485
767 9600 59.485
768 9800 59.485
768 9800 59.484
768 9800 59.484
768 9800 59.484
769 9600 59.484
769 9600 59.484
769 9600 59.484
769 9600 59.483
770 9400 59.483
770 9400 59.483
770 9400 59.483
770 9400 59.483
771 9600 59.482
771 9600 59.482
771 9600 59.482
771 9600 59.482
772 9800 59.482
772 9800 59.481
772 9800 59.481
772 9800 59.481
773 9600 59.481
773 9600 59.481
773 9600 59.481
773 9600 59.481
774 9800 59.48
774 9800 59.48
774 9800 59.48
774 9800 59.48
775 9800 59.479
775 9800 59.479
775 9800 59.479
775 9800 59.479
776 10000 59.479
776 10000 59.479
776 10000 59.478
776 10000 59.478
777 9800 59.478
777 9800 59.478
777 9800 59.478
777 9800 59.478
778 9600 59.477
778 9600 59.477
778 9600 59.477
778 9600 59.477
779 9800 59.476
779 9800 59.476
779 9800 59.476
779 9800 59.476
780 9600 59.476
780 9600 59.475
780 9600 59.475
780 9600 59.475
781 9400 59.475
781 9400 59.475
781 9400 59.474
781 9400 59.474
782 9600 59.474
782 9600 59.474
782 9600 59.474
782 9600 59.473
783 9400 59.473
783 9400 59.473
783 9400 59.473
783 9400 59.473
784 9200 59.473
784 9200 59.472
784 9200 59.472
784 9200 59.472
785 9000 59.472
785 9000 59.472
785 9000 59.472
785 9000 59.471
786 9200 59.471
786 9200 59.471
786 9200 59.471
786 9200 59.471
787 9000 59.471
787 9000 59.47
787 9000 59.47
787 9000 59.47
788 9200 59.47
788 9200 59.47
788 9200 59.47
788 9200 59.469
789 9400 59.469
789 9400 59.469
789 9400 59.469
789 9400 59.469
790 9200 59.469
790 9200 59.468
790 9200 59.468
790 9200 59.468
791 9000 59.468
791 9000 59.468
791 9000 59.468
791 9000 59.468
792 9200 59.467
792 9200 59.467
792 9200 59.467
792 9200 59.467
793 9400 59.467
793 9400 59.467
793 9400 59.466
793 9400 59.466
794 9200 59.466
794 9200 59.466
794 9200 59.466
794 9200 59.466
795 9400 59.466
795 9400 59.465
795 9400 59.465
795 9400 59.465
796 9200 59.465
796 9200 59.465
796 9200 59.465
796 9200 59.465
797 9000 59.464
797 9000 59.464
797 9000 59.464
797 9000 59.464
798 9200 59.464
798 9200 59.464
798 9200 59.464
798 9200 59.464
799 9400 59.463
799 9400 59.463
799 9400 59.463
799 9400 59.463
800 9600 59.463
800 9600 59.463
800 9600 59.463
800 9600 59.463
801 9800 59.462
801 9800 59.462
801 9800 59.462
801 9800 59.462
802 9600 59.462
802 9600 59.462
802 9600 59.462
802 9600 59.461
803 9800 59.461
803 9800 59.461
803 9800 59.461
803 9800 59.461
804 9600 59.461
804 9600 59.461
804 9600 59.461
804 9600 59.46
805 9800 59.46
805 9800 59.46
805 9800 59.46
805 9800 59.46
806 10000 59.46
806 10000 59.46
806 10000 59.459
806 10000 59.459
807 9800 59.459
807 9800 59.459
807 9800 59.459
807 9800 59.459
808 10000 59.458
808 10000 59.458
808 10000 59.458
808 10000 59.458
809 9800 59.458
809 9800 59.458
809 9800 59.458
809 9800 59.457
810 9600 59.457
810 9600 59.457
810 9600 59.457
810 9600 59.457
811 9800 59.457
811 9800 59.457
811 9800 59.456
811 9800 59.456
812 9600 59.456
812 9600 59.456
812 9600 59.456
812 9600 59.456
813 9800 59.455
813 9800 59.455
813 9800 59.455
813 9800 59.455
814 10000 59.454
814 10000 59.454
814 10000 59.454
814 10000 59.454
815 9800 59.454
815 9800 59.454
815 9800 59.453
815 9800 59.453
816 10000 59.453
816 10000 59.453
816 10000 59.453
816 10000 59.453
817 9800 59.452
817 9800 59.452
817 9800 59.452
817 9800 59.452
818 10000 59.452
818 10000 59.452
818 10000 59.452
818 10000 59.451
819 10200 59.451
819 10200 59.451
819 10200 59.451
819 10200 59.451
820 10000 59.451
820 10000 59.451
820 10000 59.45
820 10000 59.45
821 9800 59.45
821 9800 59.45
821 9800 59.45
821 9800 59.45
822 10000 59.45
822 10000 59.45
822 10000 59.449
822 10000 59.449
823 10200 59.449
823 10200 59.449
823 10200 59.449
823 10200 59.449
824 10400 59.449
824 10400 59.448
824 10400 59.448
824 10400 59.448
825 10200 59.448
825 10200 59.448
825 10200 59.448
825 10200 59.448
826 10400 59.447
826 10400 59.447
826 10400 59.447
826 10400 59.447
827 10200 59.447
827 10200 59.447
827 10200 59.447
827 10200 59.447
828 10400 59.446
828 10400 59.446
828 10400 59.446
828 10400 59.446
829 10200 59.446
829 10200 59.446
829 10200 59.446
829 10200 59.446
830 10000 59.445
830 10000 59.445
830 10000 59.445
830 10000 59.445
831 9800 59.445
831 9800 59.445
831 9800 59.444
831 9800 59.444
832 9600 59.444
832 9600 59.444
832 9600 59.444
832 9600 59.444
833 9600 59.443
833 9600 59.443
833 9600 59.443
833 9600 59.443
834 9800 59.443
834 9800 59.443
834 9800 59.443
834 9800 59.443
835 10000 59.442
835 10000 59.442
835 10000 59.442
835 10000 59.442
836 10200 59.442
836 10200 59.442
836 10200 59.442
836 10200 59.442
837 10000 59.441
837 10000 59.441
837 10000 59.441
837 10000 59.441
838 9800 59.441
838 9800 59.441
838 9800 59.441
838 9800 59.441
839 9600 59.44
839 9600 59.44
839 9600 59.44
839 9600 59.44
840 9800 59.44
840 9800 59.44
840 9800 59.44
840 9800 59.439
841 9600 59.439
841 9600 59.439
841 9600 59.439
841 9600 59.439
842 9800 59.439
842 9800 59.439
842 9800 59.438
842 9800 59.438
843 10000 59.438
843 10000 59.438
843 10000 59.438
843 10000 59.438
844 9800 59.438
844 9800 59.437
844 9800 59.437
844 9800 59.437
845 10000 59.437
845 10000 59.437
845 10000 59.437
845 10000 59.437
846 10200 59.436
846 10200 59.436
846 10200 59.436
846 10200 59.436
847 10000 59.436
847 10000 59.436
847 10000 59.435
847 10000 59.435
848 10200 59.435
848 10200 59.435
848 10200 59.435
848 10200 59.434
849 10000 59.434
849 10000 59.434
849 10000 59.434
849 10000 59.434
850 9800 59.433
850 9800 59.433
850 9800 59.433
850 9800 59.433
851 9600 59.433
851 9600 59.433
851 9600 59.433
851 9600 59.432
852 9800 59.432
852 9800 59.432
852 9800 59.432
852 9800 59.432
853 9600 59.431
853 9600 59.431
853 9600 59.431
853 9600 59.431
854 9800 59.431
854 9800 59.43
854 9800 59.43
854 9800 59.43
855 9600 59.43
855 9600 59.43
855 9600 59.43
855 9600 59.43
856 9800 59.429
856 9800 59.429
856 9800 59.429
856 9800 59.429
857 9600 59.429
857 9600 59.429
857 9600 59.428
857 9600 59.428
858 9800 59.428
858 9800 59.428
858 9800 59.428
858 9800 59.428
859 10000 59.427
859 10000 59.427
859 10000 59.427
859 10000 59.427
860 10200 59.427
860 10200 59.427
860 10200 59.426
860 10200 59.426
861 10400 59.426
861 10400 59.426
861 10400 59.426
861 10400 59.426
862 10600 59.426
862 10600 59.425
862 10600 59.425
862 10600 59.425
863 10400 59.425
863 10400 59.425
863 10400 59.425
863 10400 59.425
864 10200 59.424
864 10200 59.424
864 10200 59.424
864 10200 59.424
865 10000 59.424
865 10000 59.424
865 10000 59.423
865 10000 59.423
866 10200 59.423
866 10200 59.423
866 10200 59.423
866 10200 59.423
867 10200 59.422
867 10200 59.422
867 10200 59.422
867 10200 59.422
868 10400 59.422
868 10400 59.422
868 10400 59.422
868 10400 59.421
869 10600 59.421
869 10600 59.421
869 10600 59.421
869 10600 59.421
870 10800 59.421
870 10800 59.421
870 10800 59.421
870 10800 59.42
871 10600 59.42
871 10600 59.42
871 10600 59.42
871 10600 59.42
872 10400 59.42
872 10400 59.42
872 10400 59.419
872 10400 59.419
873 10400 59.419
873 10400 59.419
873 10400 59.419
873 10400 59.419
874 10600 59.419
874 10600 59.418
874 10600 59.418
874 10600 59.418
875 10400 59.418
875 10400 59.418
875 10400 59.418
875 10400 59.417
876 10200 59.417
876 10200 59.417
876 10200 59.417
876 10200 59.417
877 10000 59.417
877 10000 59.416
877 10000 59.416
877 10000 59.416
878 10200 59.416
878 10200 59.416
878 10200 59.416
878 10200 59.416
879 10000 59.415
879 10000 59.415
879 10000 59.415
879 10000 59.415
880 9800 59.414
880 9800 59.414
880 9800 59.414
880 9800 59.414
881 9600 59.414
881 9600 59.413
881 9600 59.413
881 9600 59.413
882 9800 59.413
882 9800 59.413
882 9800 59.413
882 9800 59.413
883 10000 59.412
883 10000 59.412
883 10000 59.412
883 10000 59.412
884 9800 59.412
884 9800 59.411
884 9800 59.411
884 9800 59.411
885 10000 59.411
885 10000 59.411
885 10000 59.411
885 10000 59.411
886 10200 59.41
886 10200 59.41
886 10200 59.41
886 10200 59.41
887 10000 59.41
887 10000 59.41
887 10000 59.409
887 10000 59.409
888 9800 59.409
888 9800 59.409
888 9800 59.409
888 9800 59.409
889 10000 59.409
889 10000 59.409
889 10000 59.408
889 10000 59.408
890 10200 59.408
890 10200 59.408
890 10200 59.408
890 10200 59.408
891 10000 59.408
891 10000 59.407
891 10000 59.407
891 10000 59.407
892 10200 59.407
892 10200 59.407
892 10200 59.407
892 10200 59.406
893 10000 59.406
893 10000 59.406
893 10000 59.406
893 10000 59.406
894 10200 59.406
894 10200 59.406
894 10200 59.405
894 10200 59.405
895 10400 59.405
895 10400 59.405
895 10400 59.405
895 10400 59.405
896 10200 59.405
896 10200 59.404
896 10200 59.404
896 10200 59.404
897 10000 59.404
897 10000 59.404
897 10000 59.404
897 10000 59.404
898 10200 59.403
898 10200 59.403
898 10200 59.403
898 10200 59.403
899 10400 59.403
899 10400 59.403
899 10400 59.403
899 10400 59.403
900 10200 59.402
900 10200 59.402
900 10200 59.402
900 10200 59.402
901 10400 59.402
901 10400 59.402
901 10400 59.402
901 10400 59.401
902 10200 59.401
902 10200 59.401
902 10200 59.401
902 10200 59.401
903 10400 59.401
903 10400 59.401
903 10400 59.401
903 10400 59.4
904 10200 59.4
904 10200 59.4
904 10200 59.4
904 10200 59.4
905 10000 59.4
905 10000 59.4
905 10000 59.399
905 10000 59.399
906 9800 59.399
906 9800 59.399
906 9800 59.399
906 9800 59.399
907 10000 59.399
907 10000 59.399
907 10000 59.398
907 10000 59.398
908 10200 59.398
908 10200 59.398
908 10200 59.398
908 10200 59.398
909 10000 59.397
909 10000 59.397
909 10000 59.397
909 10000 59.397
910 10200 59.397
910 10200 59.397
910 10200 59.397
910 10200 59.397
911 10400 59.396
911 10400 59.396
911 10400 59.396
911 10400 59.396
912 10600 59.396
912 10600 59.396
912 10600 59.396
912 10600 59.396
913 10400 59.395
913 10400 59.395
913 10400 59.395
913 10400 59.395
914 10400 59.395
914 10400 59.395
914 10400 59.395
914 10400 59.394
915 10400 59.394
915 10400 59.394
915 10400 59.394
915 10400 59.394
916 10200 59.394
916 10200 59.393
916 10200 59.393
916 10200 59.393
917 10400 59.393
917 10400 59.393
917 10400 59.393
917 10400 59.393
918 10200 59.393
918 10200 59.392
918 10200 59.392
918 10200 59.392
919 10400 59.392
919 10400 59.392
919 10400 59.392
919 10400 59.392
920 10400 59.391
920 10400 59.391
920 10400 59.391
920 10400 59.391
921 10200 59.391
921 10200 59.391
921 10200 59.39
921 10200 59.39
922 10400 59.39
922 10400 59.39
922 10400 59.39
922 10400 59.39
923 10200 59.389
923 10200 59.389
923 10200 59.389
923 10200 59.389
924 10400 59.389
924 10400 59.389
924 10400 59.388
924 10400 59.388
925 10600 59.388
925 10600 59.388
925 10600 59.387
925 10600 59.387
926 10400 59.387
926 10400 59.387
926 10400 59.387
926 10400 59.386
927 10400 59.386
927 10400 59.386
927 10400 59.386
927 10400 59.386
928 10600 59.385
928 10600 59.385
928 10600 59.385
928 10600 59.385
929 10800 59.384
929 10800 59.384
929 10800 59.384
929 10800 59.384
930 10600 59.384
930 10600 59.384
930 10600 59.384
930 10600 59.383
931 10600 59.383
931 10600 59.383
931 10600 59.383
931 10600 59.383
932 10800 59.382
932 10800 59.382
932 10800 59.382
932 10800 59.382
933 11000 59.382
933 11000 59.382
933 11000 59.382
933 11000 59.381
934 10800 59.381
934 10800 59.381
934 10800 59.381
934 10800 59.381
935 11000 59.381
935 11000 59.381
935 11000 59.381
935 11000 59.38
936 10800 59.38
936 10800 59.38
936 10800 59.38
936 10800 59.38
937 10600 59.38
937 10600 59.38
937 10600 59.379
937 10600 59.379
938 10400 59.379
938 10400 59.379
938 10400 59.379
938 10400 59.379
939 10600 59.378
939 10600 59.378
939 10600 59.378
939 10600 59.378
940 10400 59.378
940 10400 59.378
940 10400 59.378
940 10400 59.377
941 10200 59.377
941 10200 59.377
941 10200 59.377
941 10200 59.377
942 10400 59.376
942 10400 59.376
942 10400 59.376
942 10400 59.376
943 10200 59.376
943 10200 59.376
943 10200 59.375
943 10200 59.375
944 10000 59.375
944 10000 59.375
944 10000 59.375
944 10000 59.375
945 10200 59.374
945 10200 59.374
945 10200 59.374
945 10200 59.374
946 10400 59.374
946 10400 59.374
946 10400 59.373
946 10400 59.373
947 10200 59.373
947 10200 59.373
947 10200 59.373
947 10200 59.373
948 10000 59.372
948 10000 59.372
948 10000 59.372
948 10000 59.372
949 10200 59.372
949 10200 59.372
949 10200 59.372
949 10200 59.371
950 10400 59.371
950 10400 59.371
950 10400 59.371
950 10400 59.371
951 10600 59.371
951 10600 59.371
951 10600 59.371
951 10600 59.37
952 10400 59.37
952 10400 59.37
952 10400 59.37
952 10400 59.37
953 10400 59.37
953 10400 59.37
953 10400 59.369
953 10400 59.369
954 10600 59.369
954 10600 59.369
954 10600 59.369
954 10600 59.369
955 10800 59.368
955 10800 59.368
955 10800 59.368
955 10800 59.368
956 11000 59.368
956 11000 59.368
956 11000 59.367
956 11000 59.367
957 11200 59.367
957 11200 59.367
957 11200 59.367
957 11200 59.367
958 11400 59.366
958 11400 59.366
958 11400 59.366
958 11400 59.366
959 11200 59.365
959 11200 59.365
959 11200 59.365
959 11200 59.365
960 11200 59.365
960 11200 59.364
960 11200 59.364
960 11200 59.364
961 11400 59.364
961 11400 59.364
961 11400 59.363
961 11400 59.363
962 11600 59.363
962 11600 59.363
962 11600 59.363
962 11600 59.362
963 11400 59.362
963 11400 59.362
963 11400 59.362
963 11400 59.362
964 11600 59.361
964 11600 59.361
964 11600 59.361
964 11600 59.361
965 11400 59.361
965 11400 59.361
965 11400 59.36
965 11400 59.36
966 11600 59.36
968 11603 59.359
970 11606 59.358
972 11609 59.356
974 11612 59.355
976 11615 59.354
978 11618 59.352
980 11621 59.351
982 11624 59.35
984 11627 59.349
986 11630 59.347
988 11633 59.346
990 11636 59.345
992 11639 59.344
994 11642 59.343
996 11645 59.342
998 11648 59.341
1000 11651 59.34
