0.04030353 0.09782567 0.18864544 0.04588557 0.08196844 0.20989209 0.00875190 0.01313097 0.00481751 0.00831407 0.00275362 0.00085316 0.00230393 0.00260403 0.00094574 0.00310024 0.00447059 0.00092613 0.00201007 0.00434836 0.00914656 0.00717525 0.00379195 0.00353731 0.00933537 0.01689525 0.01834693 0.01571888 0.01485553 0.01547139 0.01719702 0.01328117 0.01478545 0.01440007 0.01296131 0.01544296 0.00478710 0.00593686 0.00535446 0.00529927 0.00321790 0.00258609 0.00078399 0.00346434 0.00682590 0.00574835 0.00908970 0.00782014 0.00611473 0.00670428 0.00007343 
0.00000000 0.00000000 0.00000000 0.00000520 0.00000000 0.00000694 0.00000848 0.00005069 0.00001195 0.00016998 0.00012084 0.00170984 0.00521007 0.00169365 0.00050474 0.00257111 0.00706522 0.00666705 0.00372649 0.01846747 0.07474368 0.13123246 0.17162889 0.08351758 0.01240903 0.00520082 0.00344107 0.01022433 0.03368525 0.04673431 0.07747456 0.02647703 0.00454460 0.00519446 0.01461841 0.02303326 0.02977432 0.03457601 0.01349021 0.01204999 0.02264936 0.02736837 0.04361028 0.01021084 0.00595976 0.01189215 0.00183106 0.00143077 0.01287253 0.00007516 0.00005974 
0.00000000 0.00000000 0.00000000 0.00000633 0.00000065 0.00001702 0.00000065 0.00000862 0.00000458 0.00006567 0.00005847 0.00004298 0.00027294 0.00031930 0.00034646 0.00113768 0.00345886 0.00283553 0.00294615 0.00561129 0.00885699 0.00810647 0.01069982 0.00787422 0.01016693 0.01647071 0.03051573 0.03830594 0.04852229 0.05320916 0.08020581 0.07800931 0.07358916 0.06278832 0.05720889 0.06916170 0.03779487 0.02396933 0.01864320 0.01819583 0.01572487 0.01527575 0.00916822 0.01608181 0.03330359 0.03825162 0.03784919 0.02627644 0.02351662 0.01335842 0.00176560 
0.00017127 0.00020178 0.00003954 0.00017504 0.00096198 0.00065816 0.00380855 0.01286124 0.02227467 0.01154015 0.02326732 0.04444303 0.03207230 0.05365960 0.10572236 0.06405306 0.04278532 0.01982214 0.01734140 0.03451039 0.07345221 0.08953996 0.08214547 0.02830657 0.00850427 0.00820128 0.00936914 0.01181543 0.01286009 0.01383782 0.01741982 0.00750309 0.00263888 0.00480170 0.00609670 0.00814041 0.00881761 0.00894130 0.00687954 0.01172471 0.01849958 0.01976587 0.02062926 0.00351720 0.00500971 0.00455185 0.00629881 0.00408579 0.00348587 0.00201648 0.00077431 
0.00005194 0.00106230 0.01166670 0.03261001 0.06208561 0.03638278 0.03140304 0.11508836 0.24387158 0.03573633 0.00752751 0.02636765 0.09308647 0.01408161 0.00083989 0.00306629 0.00821518 0.00615368 0.00522128 0.00246193 0.00640518 0.01061424 0.00798818 0.00359629 0.00421060 0.00977118 0.01482221 0.01864824 0.01720115 0.01948015 0.01636793 0.01292888 0.01330941 0.01379009 0.01301778 0.01795772 0.01115879 0.00626948 0.00638888 0.00272403 0.00265700 0.00217020 0.00146305 0.00282627 0.00632459 0.00527618 0.00742330 0.00326333 0.00299237 0.00196156 0.00001159 
0.00000000 0.00000000 0.00000000 0.00000000 0.00000000 0.00000000 0.00000000 0.00000000 0.00000000 0.00000000 0.00000000 0.00000000 0.00000000 0.00008919 0.00000000 0.00001648 0.00000549 0.00000000 0.00000440 0.00069339 0.00208402 0.00046061 0.00016153 0.00047600 0.00088569 0.00225929 0.00073515 0.00105144 0.00430191 0.00774633 0.00928055 0.00646486 0.01006002 0.00765824 0.00759304 0.01253541 0.01855633 0.03071337 0.03492663 0.04116275 0.03600481 0.03279885 0.03139961 0.05211487 0.10846992 0.12433072 0.11550987 0.08642943 0.04657489 0.15499298 0.01145192 
0.00000000 0.00004174 0.00059018 0.00210284 0.00549735 0.00789981 0.01275457 0.05043197 0.04118063 0.03745641 0.01844573 0.05235524 0.10599114 0.08772337 0.04059175 0.01373561 0.02317980 0.04044453 0.01173825 0.01527545 0.00979590 0.00545141 0.00933676 0.00893587 0.00362650 0.00390024 0.00785807 0.00827644 0.00718830 0.00711905 0.00977810 0.01139431 0.01145546 0.01470728 0.01040096 0.01358516 0.01360684 0.01387442 0.01871526 0.01205373 0.01176576 0.01553398 0.01082807 0.01029419 0.02165775 0.02254173 0.04608069 0.03204286 0.01429764 0.04591632 0.00054456 
0.00002251 0.00002626 0.00009213 0.00005420 0.00004211 0.00021303 0.00000000 0.00011339 0.00021470 0.00006212 0.00005545 0.00023721 0.00068036 0.00262054 0.00213737 0.00247005 0.00358939 0.00384285 0.00712624 0.01003902 0.01897997 0.01891494 0.02607287 0.04319186 0.06185250 0.09537553 0.06401947 0.05153875 0.04588202 0.04284501 0.04191494 0.03322079 0.02763244 0.02232256 0.02394800 0.01780519 0.02231172 0.02363950 0.01833213 0.00717419 0.00572384 0.00700827 0.01068228 0.01795068 0.04226596 0.04223261 0.06026500 0.02261647 0.03065694 0.01657704 0.00340762 
0.00007937 0.00004653 0.00002524 0.00009518 0.00002159 0.00010005 0.00016178 0.00016543 0.00037647 0.00070064 0.00120545 0.01019553 0.01296861 0.00337976 0.00599288 0.01323196 0.02161141 0.01269310 0.01593510 0.04870481 0.10775629 0.12640273 0.10416518 0.04338673 0.00752645 0.00915217 0.01017485 0.02113184 0.04694438 0.04799748 0.06493975 0.02083930 0.00842871 0.01189909 0.02046800 0.02564346 0.03111481 0.03118262 0.01306987 0.01577575 0.02168409 0.01376352 0.02142287 0.00402566 0.00552244 0.00773354 0.00226250 0.00093054 0.00617321 0.00071615 0.00007511 
0.00000000 0.00000000 0.00000000 0.00000000 0.00000000 0.00000000 0.00000000 0.00000071 0.00000000 0.00000000 0.00000241 0.00000000 0.00000000 0.00002578 0.00000000 0.00000503 0.00004299 0.00017323 0.00005715 0.00020290 0.00079787 0.00103541 0.00068569 0.00117486 0.00085722 0.00639227 0.00836479 0.00577450 0.00343562 0.00296983 0.00427832 0.00474192 0.00676090 0.01320557 0.02226448 0.02447532 0.03217814 0.03672190 0.05080651 0.07480265 0.12557842 0.14436727 0.15590755 0.06351987 0.04344929 0.03290923 0.03700964 0.03957919 0.03476446 0.01803248 0.00264865 
0.02864054 0.06397881 0.12779699 0.05616883 0.10063687 0.14234312 0.01767610 0.02139623 0.01153475 0.00408082 0.00186922 0.00219588 0.00211699 0.00188494 0.00134893 0.00382893 0.00515466 0.00192130 0.00298018 0.00648606 0.01303193 0.00702491 0.00325863 0.00470579 0.00938579 0.01334338 0.01051325 0.01070146 0.01417769 0.01273904 0.01472299 0.01378039 0.01266840 0.01101884 0.01205993 0.01108794 0.00911302 0.01135118 0.01350323 0.01128775 0.00428090 0.00364201 0.00110658 0.00877140 0.01795377 0.02126731 0.04060018 0.02517540 0.02112964 0.03233824 0.00021889 
0.00415872 0.03268937 0.04684506 0.01425016 0.13618568 0.26396491 0.01866426 0.02900229 0.12667612 0.02388772 0.00605602 0.00116771 0.00836323 0.01005914 0.00077660 0.00361202 0.00822660 0.00496641 0.00146495 0.00441213 0.01177917 0.01555026 0.00638161 0.00293672 0.00870566 0.01678334 0.02203712 0.02074097 0.01994738 0.02032195 0.01745348 0.00900745 0.00937490 0.00967152 0.00934244 0.01103517 0.00399130 0.00451434 0.00314766 0.00107005 0.00072186 0.00176248 0.00097026 0.00274124 0.00467903 0.00509349 0.00464400 0.00367268 0.00375578 0.00272501 0.00001259 
0.00054298 0.00095804 0.00026242 0.00161904 0.00016682 0.00147497 0.00021528 0.00201662 0.00102496 0.00226487 0.00619658 0.00783111 0.01133721 0.01719752 0.02346004 0.03698728 0.03939490 0.03586111 0.05063650 0.04703051 0.03609419 0.03259370 0.03673310 0.06092205 0.07562459 0.06617675 0.05259280 0.03525055 0.04105581 0.03462384 0.02811901 0.03487901 0.01820171 0.02153770 0.00589822 0.00804870 0.00638219 0.00956883 0.00645109 0.00580229 0.00383544 0.00321467 0.00540371 0.01067028 0.01883700 0.01634036 0.01205096 0.00766726 0.01220656 0.00601262 0.00072628 
0.00000000 0.00000413 0.00000206 0.00000206 0.00030667 0.00123174 0.00135515 0.00378882 0.00814694 0.00833641 0.01475753 0.03510630 0.03979083 0.02767937 0.02711442 0.03387685 0.04959936 0.04954294 0.02620609 0.02942790 0.01528073 0.02413805 0.02944258 0.02298223 0.00564928 0.00331607 0.00417394 0.00748474 0.00810038 0.00843022 0.01023769 0.00707622 0.00986496 0.00809786 0.00751318 0.01057671 0.01301772 0.01225092 0.00934451 0.00664545 0.01845941 0.02097818 0.01773917 0.01316039 0.01187704 0.01244451 0.02614118 0.04952252 0.09010790 0.11301490 0.04665579 
0.00000000 0.00033783 0.00833854 0.01061064 0.02680300 0.03951600 0.07113810 0.05129730 0.03952494 0.05913687 0.07354699 0.11998494 0.09958854 0.01256263 0.01752001 0.02265708 0.04703132 0.03815572 0.00808599 0.00867025 0.01777090 0.02671159 0.01880030 0.00925815 0.00549080 0.00978908 0.01059690 0.01154714 0.01227911 0.01366075 0.00973277 0.00628239 0.00569466 0.00841124 0.00914934 0.01130999 0.00949198 0.00320230 0.00673466 0.00653129 0.00596658 0.00331905 0.00068627 0.00230837 0.00760491 0.00366020 0.00675834 0.00181470 0.00085270 0.00007568 0.00000116 
0.00000000 0.00000000 0.00000000 0.00000000 0.00000000 0.00000000 0.00000000 0.00000000 0.00000000 0.00000000 0.00000000 0.00000000 0.00000000 0.00000000 0.00000000 0.00000586 0.00000000 0.00003699 0.00000074 0.00002240 0.00017064 0.00014880 0.00026647 0.00016683 0.00005186 0.00072747 0.00327134 0.00469608 0.00312235 0.00047671 0.00139053 0.00107304 0.00228251 0.00528088 0.01110009 0.01771090 0.01140244 0.00920710 0.01805674 0.02891527 0.07024347 0.12395316 0.20855226 0.15595733 0.11254608 0.05453327 0.03341607 0.04236331 0.04742094 0.02620866 0.00522140 
0.00001314 0.00115820 0.01257353 0.03446501 0.07067271 0.04332415 0.04668287 0.09349436 0.27643242 0.03128629 0.01149631 0.03369131 0.05415675 0.01071673 0.00138015 0.00639510 0.01600597 0.01173905 0.00914697 0.00749741 0.01695889 0.02266185 0.01348703 0.00324872 0.00755467 0.01399839 0.01946900 0.01819669 0.01741358 0.01901353 0.01298921 0.00830661 0.00521925 0.00518082 0.00489553 0.00423654 0.00422791 0.00131976 0.00540317 0.00077782 0.00009313 0.00115526 0.00098291 0.00372930 0.00476828 0.00543101 0.00306441 0.00171112 0.00176896 0.00040646 0.00000176 
0.00000000 0.00000559 0.00052514 0.00183587 0.00743342 0.01151667 0.05087332 0.08033568 0.05915480 0.02872361 0.02710288 0.12968090 0.21043569 0.02387637 0.00227127 0.00417086 0.02795894 0.05257367 0.00861152 0.00240188 0.00490141 0.01055651 0.01266401 0.00974509 0.00647394 0.00683454 0.01131424 0.01642830 0.01672798 0.01900330 0.01520007 0.01202397 0.01218061 0.01334733 0.01432214 0.01837251 0.01388096 0.00683339 0.00518673 0.00263804 0.00263939 0.00288037 0.00132837 0.00220486 0.00907449 0.00498672 0.01236655 0.00280875 0.00210509 0.00145599 0.00002622 
0.00002633 0.00201935 0.00762300 0.01588643 0.02369153 0.02965937 0.05055272 0.06303415 0.08161510 0.05527107 0.03928827 0.04164997 0.03991302 0.01256268 0.01316277 0.01260022 0.01070862 0.00798608 0.00655953 0.00957399 0.01725694 0.01024972 0.01060944 0.00635110 0.00355572 0.00797319 0.01592117 0.00886912 0.00773954 0.00874249 0.00647324 0.00893636 0.00828472 0.00688059 0.00627826 0.00682736 0.00843376 0.01055509 0.01436015 0.01130871 0.01200909 0.00991914 0.00797991 0.02596134 0.04302777 0.05230536 0.07581591 0.01868125 0.01865995 0.02636868 0.00028071 
0.24119078 0.19016596 0.09353343 0.02566127 0.01972929 0.01922791 0.00125101 0.00330052 0.00050364 0.00211412 0.00147860 0.00261571 0.00152992 0.00177346 0.00287888 0.00604240 0.00543161 0.00112832 0.00645299 0.01767263 0.03154990 0.01629791 0.00360192 0.00906503 0.01540126 0.01807811 0.01549369 0.01262687 0.01472852 0.00903803 0.00548253 0.00620394 0.00556248 0.00561012 0.00299646 0.00334591 0.00537988 0.00647405 0.00922125 0.00283921 0.00022677 0.00222700 0.00064923 0.00595467 0.01335748 0.01874349 0.04125208 0.02109359 0.02591544 0.02785514 0.00004560 
0.05250333 0.14609591 0.16816132 0.15441040 0.04369803 0.05542915 0.01951407 0.02417692 0.00149353 0.01984255 0.00372313 0.00322500 0.00703516 0.00409117 0.00085709 0.00519117 0.01271773 0.00885658 0.00350923 0.01675058 0.04052255 0.03676894 0.01566728 0.00335598 0.00789283 0.01501560 0.01527551 0.01297939 0.01346171 0.01693841 0.00450579 0.00063586 0.00093152 0.00339466 0.00099071 0.00388459 0.00171066 0.00620122 0.00259969 0.00418904 0.00064348 0.00229553 0.00131479 0.00286868 0.00317958 0.00356490 0.00371053 0.00848327 0.01174695 0.00394056 0.00004776 
0.00000843 0.00002811 0.00000281 0.00000281 0.00009526 0.00007777 0.00066210 0.00263248 0.00724034 0.00353257 0.00651234 0.01612032 0.01612188 0.02942108 0.07127532 0.09710636 0.05064146 0.01626867 0.00952803 0.02098240 0.06301653 0.08224310 0.07858124 0.02587290 0.00764510 0.00904925 0.01019575 0.00929129 0.01045247 0.01197187 0.01571119 0.00583400 0.00701016 0.00755265 0.01328764 0.01875217 0.01059551 0.01268363 0.02051237 0.01720435 0.01719186 0.03150264 0.02201927 0.01349564 0.01905637 0.02194713 0.03924580 0.01370083 0.01189754 0.01904575 0.00517346 
0.24466726 0.22884646 0.17404722 0.02802212 0.00618224 0.01363101 0.00315911 0.00699056 0.00033773 0.00449946 0.00233359 0.00200885 0.00233660 0.00246092 0.00251611 0.00492749 0.00360986 0.00059347 0.00587925 0.01531282 0.02939698 0.01969758 0.00541660 0.00800256 0.01699944 0.02246221 0.01991232 0.01542860 0.01597674 0.01471911 0.00508920 0.00347316 0.00492172 0.00709805 0.00584402 0.00360277 0.00159861 0.00235692 0.00211657 0.00112177 0.00005386 0.00107993 0.00112886 0.00237676 0.00434160 0.00499206 0.00625257 0.00693321 0.00657420 0.00863787 0.00003198 
0.00014003 0.00021228 0.00004588 0.00026898 0.00008729 0.00233034 0.00001951 0.00145564 0.00024867 0.00216685 0.00235882 0.00074232 0.00197803 0.00652585 0.00326780 0.00675343 0.01931096 0.01882917 0.02251178 0.03566527 0.04783331 0.04108806 0.03633271 0.02801367 0.02681066 0.03500074 0.03168310 0.02970032 0.03791440 0.05213800 0.05608273 0.05520460 0.04228105 0.05302852 0.04601719 0.03934287 0.02009336 0.02756380 0.02011841 0.01910553 0.00632175 0.00480598 0.00698812 0.01585170 0.03244942 0.02439989 0.01459964 0.00518255 0.00738790 0.01081208 0.00092902 
0.00002554 0.00057929 0.00000276 0.00201532 0.00004831 0.00145329 0.00001012 0.00006097 0.00027745 0.00041181 0.00004279 0.00005636 0.00044793 0.00068282 0.00021027 0.00064670 0.00207974 0.00190443 0.00335634 0.00391906 0.00575333 0.00327007 0.00534382 0.00686222 0.00581936 0.01006764 0.02383877 0.04277543 0.06145810 0.07679157 0.07127313 0.07490002 0.10153585 0.08218670 0.06852300 0.05632617 0.04498607 0.05319621 0.03157130 0.02076816 0.01248625 0.00995007 0.00609704 0.01247889 0.02187245 0.01612579 0.00772080 0.01361193 0.01570616 0.01771412 0.00075828 
0.00000000 0.00000000 0.00000873 0.00000251 0.00041507 0.00058769 0.00389079 0.00506355 0.00793303 0.01246214 0.05254030 0.11613385 0.07845446 0.03073908 0.00762522 0.03686682 0.12787857 0.14994668 0.02383750 0.00701658 0.00234552 0.01144694 0.01697008 0.03577339 0.00967220 0.00419478 0.00803254 0.01368585 0.01484836 0.01499162 0.01831764 0.01028990 0.01145916 0.01389590 0.01617780 0.01834754 0.02438788 0.01384211 0.00870403 0.00733225 0.00778213 0.01056072 0.00405152 0.00317293 0.00756063 0.00740841 0.01183932 0.00483866 0.00355690 0.00272785 0.00038288 
0.00000690 0.00000230 0.00002401 0.00000920 0.00070485 0.00129295 0.00322765 0.00558337 0.01402038 0.01594614 0.03267889 0.08373858 0.07782054 0.04151341 0.01579618 0.03345374 0.09779958 0.12025136 0.02621566 0.01167335 0.01469994 0.02279794 0.02914339 0.03713664 0.01038500 0.00923102 0.01175025 0.01531436 0.01483866 0.01643742 0.01636231 0.00733081 0.00691797 0.00975295 0.01289528 0.01076693 0.01194262 0.00910201 0.00643333 0.00793577 0.01254605 0.01311141 0.01267046 0.00888997 0.01753059 0.01775694 0.03473187 0.00802493 0.00435582 0.00562936 0.00181897 
0.17761112 0.20574398 0.15326359 0.02427910 0.00333098 0.00608517 0.00066771 0.00275175 0.00010289 0.00192908 0.00142683 0.00165388 0.00149404 0.00153681 0.00188191 0.00294874 0.00415047 0.00136695 0.00364798 0.00591580 0.01039964 0.00445866 0.00259239 0.00692714 0.01565041 0.01864510 0.01643911 0.00854901 0.01489521 0.01730112 0.01726226 0.01467158 0.01199633 0.01345029 0.01063842 0.00633324 0.00571612 0.01010513 0.01043337 0.00701097 0.00096075 0.00247948 0.00070095 0.00408179 0.00981356 0.01188024 0.03260839 0.03332498 0.03472542 0.04383607 0.00032408 
0.07824278 0.07994117 0.08451204 0.02377555 0.02569864 0.04766004 0.00912327 0.01122048 0.00956489 0.00332480 0.00153692 0.00118576 0.00196395 0.00130152 0.00076846 0.00229273 0.00361468 0.00095231 0.00295711 0.00543661 0.01283716 0.00666128 0.00257677 0.00433255 0.00777214 0.01053957 0.00853768 0.00754549 0.00995203 0.01020008 0.00786358 0.01142767 0.01115822 0.01440521 0.01429237 0.02323665 0.01361048 0.04193745 0.00971177 0.03796870 0.01010864 0.02073576 0.00287443 0.01344123 0.01256382 0.01023899 0.02216081 0.11080794 0.10707362 0.01894884 0.00940536 
0.00000000 0.00000000 0.00000000 0.00000768 0.00001152 0.00002304 0.00000000 0.00004992 0.00016897 0.00016129 0.00003072 0.00007808 0.00032215 0.00080176 0.00034135 0.00091568 0.01055509 0.00875701 0.00665768 0.00959887 0.01624845 0.01612087 0.01025086 0.01690129 0.02490007 0.06034798 0.05816032 0.04360584 0.02407997 0.03042702 0.03366647 0.01553075 0.01622669 0.02177839 0.01736767 0.02203910 0.02563483 0.02764370 0.04162983 0.07066241 0.08794175 0.07256504 0.04376116 0.03103633 0.03233689 0.03292658 0.02298934 0.00612176 0.01172594 0.02539589 0.00149598 
0.00000000 0.00011431 0.00380401 0.00598524 0.01047971 0.02641753 0.02637951 0.05808403 0.05009632 0.04132543 0.02552824 0.07322807 0.13459105 0.08969442 0.03382532 0.00856232 0.02761605 0.04347548 0.02004159 0.01549644 0.00423187 0.00362370 0.00642355 0.00537442 0.00216174 0.00204409 0.00278301 0.00239259 0.00193006 0.00260813 0.00341248 0.00502996 0.00764268 0.01163340 0.01398966 0.01445943 0.02255184 0.01770915 0.01911095 0.01689936 0.02041766 0.02648143 0.02354165 0.01277206 0.00868735 0.00695682 0.00880612 0.01205291 0.00560138 0.01357557 0.00034989 
0.02155101 0.02054137 0.00398677 0.02319145 0.00225658 0.01887935 0.00059974 0.01729932 0.00166029 0.00455027 0.01395716 0.00010614 0.00492047 0.01774891 0.00701741 0.00500418 0.00965886 0.00749375 0.00724091 0.01762551 0.00940430 0.00573595 0.03531746 0.07462859 0.13915822 0.15539095 0.04968192 0.00361226 0.01405639 0.03523203 0.03382458 0.05039471 0.03150586 0.04319953 0.00579376 0.00163786 0.00823070 0.00481088 0.00710284 0.00385215 0.00000000 0.00555042 0.00000000 0.00038832 0.00019761 0.00075766 0.00036675 0.00003365 0.06515957 0.00967612 0.00000949 
0.00217781 0.01022592 0.02653584 0.02607080 0.07816836 0.09986263 0.04713758 0.07485957 0.13209545 0.01424050 0.01423827 0.02822325 0.02669410 0.00581846 0.00152831 0.00482123 0.00597756 0.00467355 0.00340827 0.00670174 0.01542804 0.01517476 0.00856720 0.00499928 0.01029725 0.01377852 0.01583652 0.01356843 0.01275648 0.01548739 0.00979543 0.01217664 0.00785807 0.01033319 0.00792968 0.00731278 0.00888178 0.00948252 0.01383647 0.00699486 0.00456377 0.00319567 0.00171556 0.01094257 0.02328193 0.02848963 0.04669288 0.01675824 0.01142879 0.01886194 0.00011452 
0.06250790 0.07368924 0.11983038 0.04338343 0.02333612 0.08524195 0.01356991 0.01121157 0.00769459 0.00563093 0.00263392 0.00049515 0.00221259 0.00288468 0.00034591 0.00156629 0.00384348 0.00227051 0.00117074 0.00386066 0.01313204 0.01258947 0.00504317 0.00241657 0.00614231 0.01198485 0.01360237 0.01059932 0.01382322 0.01494940 0.01516420 0.01286251 0.00880168 0.00877368 0.00872181 0.00928665 0.00417061 0.00849110 0.00578940 0.01297006 0.00556983 0.00612640 0.00064249 0.00439273 0.00688758 0.00906899 0.02385101 0.09948903 0.13630087 0.04034346 0.00063326 
0.00729344 0.03600696 0.06343428 0.02963699 0.16127036 0.22272648 0.02848643 0.04094663 0.08653187 0.02202963 0.00584564 0.01224898 0.01146760 0.00805753 0.00205794 0.00781174 0.01318028 0.01177730 0.00627230 0.01348877 0.02534063 0.02438763 0.00761640 0.00363838 0.01018179 0.01793465 0.01735404 0.01624348 0.01550973 0.01465621 0.00904410 0.00448145 0.00340626 0.00465690 0.00322116 0.00282324 0.00283671 0.00107198 0.00345188 0.00085795 0.00019354 0.00104123 0.00082438 0.00346373 0.00407850 0.00436971 0.00308832 0.00172513 0.00152075 0.00040797 0.00000100 
0.00013210 0.00000346 0.00000621 0.00000322 0.00003974 0.00009224 0.00014487 0.00062304 0.00284359 0.00917289 0.00183009 0.00454885 0.01550124 0.01461770 0.00726213 0.03924635 0.10380789 0.09470529 0.07170433 0.02694217 0.00569445 0.02609646 0.05897389 0.10605613 0.05933320 0.04265140 0.00342808 0.00660651 0.00760712 0.00958387 0.01456400 0.00807944 0.00418000 0.00482022 0.00714184 0.01082529 0.01484001 0.01981918 0.01791451 0.01241815 0.01467390 0.02315597 0.03031177 0.03152635 0.02464560 0.00961347 0.01136468 0.00504218 0.00725974 0.00663396 0.00191124 
0.00003488 0.00000317 0.00000000 0.00000951 0.00015246 0.00005227 0.00105697 0.00309198 0.01305668 0.00264448 0.00669442 0.02325100 0.01856282 0.02662546 0.10697260 0.11855535 0.06233248 0.01322393 0.00529519 0.01694723 0.06170469 0.09126850 0.11689713 0.03646460 0.00483935 0.00552916 0.00854820 0.01322440 0.01389812 0.01212315 0.01895570 0.01049876 0.00614462 0.00517867 0.00682151 0.00963559 0.00931447 0.01202191 0.00611267 0.01177079 0.02002806 0.02170930 0.03399195 0.00566670 0.00518971 0.00550191 0.00912866 0.00552681 0.00494999 0.00566141 0.00313062 
0.02768628 0.03833439 0.05203573 0.13245019 0.15143393 0.05255887 0.01136962 0.06194405 0.16457942 0.01195010 0.00433367 0.00459995 0.00765453 0.00415261 0.00128659 0.00500053 0.00583517 0.00206197 0.00218434 0.00631521 0.01579910 0.01110199 0.00940712 0.00305150 0.00551059 0.00934747 0.00957970 0.01042993 0.01307969 0.01043685 0.01131863 0.01145177 0.01312933 0.01433165 0.01466951 0.01675284 0.00790965 0.00502400 0.00878027 0.00655129 0.00529664 0.00156788 0.00076076 0.00409259 0.00851014 0.00742422 0.01202167 0.00266073 0.00108573 0.00114152 0.00000808 
0.00002742 0.00001496 0.00000000 0.00000748 0.00034197 0.00015845 0.00133463 0.00314598 0.01148601 0.01066053 0.00600873 0.02252535 0.02780250 0.02090236 0.04540929 0.09216899 0.08782868 0.04255665 0.02161136 0.01545000 0.03912674 0.06628630 0.08359641 0.05853450 0.02421829 0.00928283 0.00690014 0.00910166 0.00884183 0.00967272 0.01376995 0.00769709 0.00694058 0.00795083 0.01103975 0.01529626 0.01431870 0.01371538 0.01132396 0.01065499 0.01768241 0.02819003 0.03581081 0.02103643 0.01399058 0.00673061 0.01318103 0.00542327 0.00771191 0.00660706 0.00592562 
0.00504503 0.00635369 0.01469364 0.02394847 0.06727048 0.05353415 0.02647153 0.05426247 0.12438752 0.09222476 0.00769486 0.02313610 0.05669184 0.01514116 0.00590810 0.00226073 0.00402930 0.00394085 0.00362257 0.00249827 0.00479813 0.00303755 0.00353494 0.00226624 0.00346908 0.00724541 0.00818206 0.00881117 0.00728399 0.01052049 0.00956842 0.01961522 0.01551014 0.01399784 0.01425384 0.01781137 0.01481599 0.01429683 0.01607532 0.01171534 0.01384793 0.00887923 0.00278458 0.00692658 0.01367846 0.01638643 0.03663242 0.03150003 0.02318323 0.04600381 0.00025242 
0.01754854 0.01686000 0.02228500 0.01512265 0.02222608 0.03506510 0.01809735 0.02794821 0.04294544 0.02682112 0.00834835 0.01638779 0.03155253 0.02228163 0.00764129 0.00368681 0.00682902 0.00678945 0.00468848 0.00520110 0.00714298 0.00436525 0.00393933 0.00281982 0.00391155 0.00636438 0.00655966 0.00623475 0.00513965 0.00626253 0.00707817 0.01100824 0.00918335 0.00910086 0.00759668 0.00976163 0.00816233 0.01039209 0.01218920 0.01651994 0.01786672 0.02208298 0.01255030 0.02561491 0.01817732 0.03448682 0.03210302 0.11173559 0.08533113 0.11417494 0.01381796 
0.27348796 0.22943791 0.07322909 0.09697703 0.01572364 0.01720098 0.00508310 0.00610835 0.00120706 0.00410159 0.00361064 0.00997208 0.00428809 0.00234812 0.00460211 0.00980042 0.00867089 0.00212549 0.01472456 0.03286877 0.04661358 0.02458259 0.00673951 0.00383483 0.00705959 0.00859219 0.01097136 0.01471304 0.01304647 0.01063625 0.00128557 0.00142012 0.00130685 0.00168083 0.00045853 0.00094186 0.00164392 0.00061652 0.00220536 0.00064230 0.00000000 0.00156385 0.00113539 0.00279825 0.00254770 0.00364462 0.00493956 0.00253442 0.00414846 0.00212862 0.00000000 
0.00216412 0.00617056 0.02680851 0.03095271 0.05446662 0.03410810 0.03826259 0.13001265 0.13812012 0.06799928 0.00664245 0.03316144 0.09243559 0.03457855 0.00705512 0.00310831 0.00856311 0.00518545 0.00276925 0.00153657 0.00350597 0.00256897 0.00351954 0.00116770 0.00148394 0.00309576 0.00223773 0.00273079 0.00305731 0.00431343 0.00617940 0.01224180 0.01409009 0.02167714 0.01727530 0.02607774 0.02398765 0.01650403 0.01337207 0.01392909 0.01769311 0.01533530 0.00773057 0.00369473 0.00724778 0.00446250 0.00873295 0.00635355 0.00361454 0.00797258 0.00004585 
0.00039015 0.00044757 0.00018240 0.00024161 0.00003124 0.00037215 0.00001489 0.00008261 0.00016849 0.00039506 0.00023425 0.00156567 0.00573183 0.00491080 0.00081694 0.00369259 0.01164769 0.01767905 0.00775766 0.01510325 0.06022063 0.10887878 0.10981498 0.05155540 0.02346176 0.02894003 0.04120542 0.05084626 0.05947763 0.07900223 0.03930719 0.01141491 0.00524582 0.00780837 0.00902462 0.00731173 0.01025396 0.00913439 0.00425172 0.00468162 0.00257678 0.00482099 0.00542822 0.01013209 0.03423035 0.03043437 0.04100634 0.02983598 0.02793464 0.01783462 0.00246227 
0.00001103 0.00000343 0.00000000 0.00000452 0.00000000 0.00000343 0.00000000 0.00000271 0.00000000 0.00000000 0.00000235 0.00000000 0.00000000 0.00000271 0.00000000 0.00000000 0.00000289 0.00000000 0.00000000 0.00011658 0.00058201 0.00002151 0.00016159 0.00014116 0.00003000 0.00019123 0.00017695 0.00000000 0.00000054 0.00036348 0.00226604 0.00132000 0.00254909 0.00260277 0.00000000 0.00003958 0.00011984 0.00142104 0.00329974 0.00514879 0.01061100 0.00890366 0.00118878 0.00417167 0.03651494 0.05525907 0.10130034 0.13427406 0.24129291 0.31516018 0.07073835 
0.00008752 0.00009802 0.00005186 0.00014158 0.00109660 0.00319165 0.00900280 0.00926923 0.01918193 0.03540351 0.07539296 0.10134793 0.05018492 0.02001028 0.02657445 0.05677566 0.12451758 0.11442739 0.00917031 0.01167390 0.02058503 0.03352031 0.02575012 0.03358747 0.00917148 0.00765364 0.01131320 0.01458744 0.01458005 0.01692028 0.01672178 0.00901952 0.00897129 0.00887198 0.01209851 0.01413470 0.01742826 0.00672844 0.00447365 0.00450996 0.00592680 0.00539522 0.00132933 0.00209596 0.00745268 0.00511401 0.01012338 0.00173747 0.00216947 0.00036329 0.00006522 
0.06962029 0.08688802 0.08992754 0.03983610 0.05077641 0.05120332 0.01772784 0.01035981 0.02387260 0.00777349 0.00178718 0.00490557 0.00674533 0.00051477 0.00179202 0.00540166 0.00314745 0.00344843 0.00969213 0.02084001 0.02000973 0.00513389 0.00168823 0.00706844 0.01343392 0.01222863 0.01101158 0.01182663 0.00756730 0.00470561 0.00485298 0.00395075 0.03162603 0.06475832 0.02894768 0.06434594 0.02032247 0.07192570 0.00472913 0.04395775 0.00672595 0.01985682 0.00188335 0.00502526 0.00825297 0.00374940 0.00430707 0.00901960 0.00000000 0.00043244 0.00039646 
0.00000000 0.00000000 0.00000000 0.00000033 0.00000000 0.00000066 0.00000263 0.00000066 0.00000000 0.00000255 0.00010755 0.00000115 0.00004552 0.00040342 0.00004486 0.00009416 0.00020155 0.00028100 0.00067250 0.00100945 0.00256117 0.00276329 0.00332060 0.00413352 0.00441641 0.00554918 0.00615423 0.00636457 0.00569856 0.01245372 0.01828596 0.02473992 0.02910456 0.04762920 0.05910823 0.08268620 0.11715220 0.09997889 0.08333701 0.06167688 0.05404011 0.04470741 0.02516848 0.02197711 0.03553404 0.02871799 0.03672153 0.02980155 0.02449055 0.01722992 0.00162904 
0.00000000 0.00000000 0.00000000 0.00000722 0.00000000 0.00003612 0.00000000 0.00005779 0.00000642 0.00002689 0.00003532 0.00000361 0.00005057 0.00095437 0.00013886 0.00028735 0.00452943 0.00377733 0.00317815 0.00638920 0.01241198 0.00625756 0.00651522 0.00861338 0.01105026 0.01977762 0.01822969 0.02147445 0.02961827 0.04152739 0.05744741 0.04072513 0.02568683 0.01851945 0.01852868 0.02861013 0.03000997 0.03358784 0.03390971 0.01748803 0.00832241 0.01381303 0.02366572 0.03757869 0.06740926 0.06310578 0.04030895 0.03965237 0.06168708 0.12824993 0.01673914 
0.00000000 0.00000000 0.00000419 0.00007077 0.00033288 0.00105962 0.00426361 0.00437813 0.00845272 0.01287602 0.01998513 0.04273336 0.05757684 0.04005639 0.03029172 0.03236346 0.04626790 0.05520341 0.05138814 0.06149733 0.02334788 0.01176565 0.01536956 0.02093115 0.01161761 0.01006729 0.00602017 0.00779814 0.00675808 0.00817292 0.01045603 0.00567798 0.00790290 0.00802813 0.00795504 0.00934660 0.00997650 0.01291838 0.01516564 0.01643849 0.01826954 0.02495732 0.01998839 0.02589822 0.02787546 0.03108503 0.05529094 0.03345194 0.02331063 0.04286465 0.00249215 
0.00000024 0.00006257 0.00000232 0.00065306 0.00000000 0.00111425 0.00000488 0.00034812 0.00021139 0.00061940 0.00037740 0.00084896 0.00416855 0.00571887 0.00341461 0.00648378 0.01052645 0.01311003 0.01256065 0.01077625 0.02782100 0.04402667 0.04203735 0.03357060 0.04761729 0.07455310 0.08852636 0.07788623 0.06040030 0.06162336 0.03953244 0.02091933 0.01873205 0.02254759 0.02594122 0.02336935 0.01036227 0.01338813 0.00644170 0.00565934 0.00261639 0.00389178 0.00753156 0.01692130 0.03572593 0.03485453 0.02926581 0.02302379 0.01764877 0.01125525 0.00130747 
0.00000000 0.00000000 0.00002329 0.00006636 0.00082081 0.00571053 0.00571692 0.00539152 0.01853411 0.02599311 0.01991989 0.06163933 0.08617330 0.04897206 0.02025305 0.02532267 0.05171394 0.08238779 0.09929717 0.06504754 0.00692143 0.00933212 0.01441346 0.02563407 0.01213427 0.01084270 0.00280732 0.00262894 0.00375370 0.00495045 0.00423069 0.00198225 0.00293532 0.00473447 0.00711564 0.00994564 0.01590304 0.01578417 0.01663999 0.01671000 0.01729414 0.02817657 0.03533071 0.03241944 0.01741316 0.00781134 0.01192575 0.01210246 0.00937641 0.01378655 0.00198042 
0.00017931 0.00001934 0.00000527 0.00001406 0.00001582 0.00002676 0.00004297 0.00020353 0.00204586 0.00963529 0.00092077 0.00198648 0.01445499 0.02039684 0.00611491 0.02163834 0.07172120 0.09494872 0.09570972 0.03503153 0.00418156 0.01490756 0.03866677 0.07521170 0.08021813 0.07739409 0.00198394 0.00299065 0.00594732 0.00668077 0.01390143 0.00715483 0.00419934 0.00331607 0.00575961 0.00771132 0.01307422 0.01193234 0.01259157 0.00738493 0.01064357 0.02107521 0.03554173 0.04591653 0.04689922 0.01355395 0.01094848 0.00984429 0.01427666 0.01455812 0.00642236 
0.00000000 0.00000068 0.00000000 0.00000660 0.00000000 0.00000389 0.00000948 0.00017740 0.00000051 0.00029910 0.00014896 0.00001219 0.00007152 0.00030350 0.00008607 0.00019085 0.00046947 0.00080666 0.00137279 0.00238656 0.00518640 0.00406684 0.00458396 0.00680607 0.00533392 0.00667303 0.00875820 0.00985702 0.01431242 0.02337734 0.03355124 0.04354699 0.05646165 0.07039854 0.07717499 0.09726102 0.09932046 0.07241829 0.05324464 0.03663749 0.03251462 0.02802723 0.01950348 0.02013697 0.03246706 0.03038544 0.03444652 0.02706839 0.02304658 0.01557705 0.00150990 
0.00624482 0.02919560 0.03858856 0.03361507 0.13218164 0.20239920 0.02479699 0.03075317 0.16247707 0.01652745 0.00498289 0.00130091 0.00803990 0.00874917 0.00041175 0.00269296 0.00618924 0.00204866 0.00099928 0.00260764 0.00609417 0.00741081 0.00457884 0.00252351 0.00711979 0.01290600 0.01947331 0.01866605 0.01720954 0.01627011 0.02043018 0.01384116 0.01457967 0.01387724 0.01372762 0.01796310 0.00669589 0.00688125 0.00415033 0.00440870 0.00384904 0.00352758 0.00174891 0.00395010 0.00640743 0.00647908 0.00842959 0.00890016 0.00721503 0.00579066 0.00009319 
0.00008123 0.00072765 0.00349609 0.00550980 0.01512827 0.01012951 0.02624828 0.03845017 0.03879876 0.02247580 0.04875680 0.06922001 0.03222626 0.00838654 0.02016877 0.04074254 0.05292525 0.00606259 0.00487805 0.00891902 0.01812008 0.02067192 0.01387266 0.00386160 0.00425081 0.01067214 0.01069132 0.00973918 0.00985537 0.00691433 0.00636831 0.00496266 0.02497349 0.04745267 0.03442499 0.06999278 0.02736626 0.09091853 0.00927777 0.06276821 0.01314614 0.01652941 0.00099389 0.00551432 0.01320931 0.00419666 0.00290156 0.00163467 0.00005641 0.00047946 0.00085174 
0.00007153 0.00105635 0.00008189 0.00127463 0.00000667 0.00106884 0.00010999 0.00057324 0.00032118 0.00158318 0.00081664 0.00441956 0.01015419 0.00677140 0.00529382 0.01786187 0.02896867 0.02148168 0.01774138 0.03331414 0.06366246 0.05507001 0.03341959 0.02673164 0.04824525 0.06827092 0.06732115 0.05845224 0.05332163 0.05393844 0.02837811 0.01493296 0.02219216 0.02315640 0.02274694 0.01185942 0.00812806 0.01340740 0.00846031 0.00643092 0.00202712 0.00568879 0.01026858 0.02069300 0.03851116 0.02876600 0.02094988 0.01424519 0.00809798 0.00872671 0.00092876 
0.00000000 0.00000000 0.00073656 0.00070725 0.01376276 0.01486109 0.02474158 0.04097776 0.04222673 0.07965965 0.06429918 0.03983933 0.02208479 0.02700952 0.08265644 0.09539491 0.09232837 0.02840964 0.00792016 0.00932661 0.02397280 0.03160745 0.03551372 0.01898860 0.00838663 0.00758478 0.00986969 0.01003147 0.01022769 0.01277017 0.00798819 0.00315291 0.00361802 0.00622460 0.00814088 0.00774707 0.01031440 0.00634404 0.01298199 0.01230335 0.02063275 0.01579901 0.00595691 0.00184603 0.00512113 0.00380687 0.00623248 0.00323500 0.00196993 0.00046339 0.00022570 
0.00362330 0.00265368 0.00057915 0.00301598 0.00030890 0.00336255 0.00012251 0.00428598 0.00051265 0.01079553 0.02102895 0.00136107 0.00423390 0.03994144 0.04076431 0.00561495 0.04162845 0.10435529 0.11750543 0.07153073 0.01047386 0.01259326 0.04117345 0.07234606 0.09700781 0.11973359 0.03093676 0.00154189 0.00432431 0.00635035 0.01012499 0.01026945 0.00532668 0.01043062 0.00072066 0.00269037 0.00017427 0.00122054 0.00242798 0.00242667 0.00422571 0.00002359 0.00000000 0.00000000 0.00344837 0.00723054 0.01595384 0.01578514 0.02908826 0.00384146 0.00088478 
0.00029938 0.00005028 0.00003200 0.00000457 0.00002768 0.00003123 0.00003961 0.00030522 0.00035703 0.00389022 0.00197253 0.00177320 0.00540974 0.01066077 0.00976795 0.02052826 0.05235796 0.06831039 0.07934292 0.04013780 0.01692829 0.02221258 0.02992573 0.06716161 0.03974853 0.08095182 0.00571801 0.00692291 0.00736170 0.00735231 0.01611190 0.01257084 0.00792314 0.01070394 0.01145811 0.01020166 0.01615532 0.01840870 0.01789424 0.01784269 0.01044671 0.01925175 0.02252974 0.02684809 0.03013065 0.01499283 0.03739205 0.02951233 0.03234670 0.05352604 0.00417030 
0.00000000 0.00007501 0.00212093 0.00221687 0.01026078 0.01500476 0.04080353 0.07295639 0.05110682 0.02686257 0.03448733 0.12365600 0.16114321 0.04845645 0.00703271 0.00703049 0.03349049 0.05466290 0.01097627 0.00406793 0.00393671 0.00538520 0.00778386 0.00658356 0.00462211 0.00540650 0.00831785 0.01027717 0.00918596 0.00990201 0.00960335 0.01072929 0.01322639 0.01494919 0.01614866 0.02046886 0.02069325 0.01425796 0.00980375 0.01141978 0.01145182 0.01330816 0.00569248 0.00408757 0.01005880 0.00709874 0.01259128 0.00739620 0.00304229 0.00595160 0.00020818 
0.05718469 0.07524584 0.20702816 0.04407689 0.07144392 0.17013607 0.02140193 0.01888613 0.00571317 0.00716017 0.00236802 0.00054282 0.00291863 0.00222428 0.00045053 0.00225359 0.00446509 0.00051569 0.00120100 0.00144357 0.00438059 0.00232655 0.00318084 0.00177250 0.00411838 0.00662265 0.00684059 0.00780120 0.00799420 0.00945460 0.01570623 0.01821953 0.02311925 0.02083729 0.02323181 0.02643042 0.01302143 0.01217462 0.01005573 0.01225912 0.00722502 0.00527729 0.00067190 0.00604553 0.00505530 0.00474008 0.00978510 0.01372607 0.01124176 0.00981471 0.00020952 
0.00000000 0.00034393 0.01085822 0.01097522 0.02800150 0.05494204 0.07205839 0.03807913 0.02199805 0.04826072 0.11023052 0.14200391 0.05209119 0.00819724 0.00523716 0.01684806 0.04636381 0.04447870 0.00966444 0.00360604 0.01131777 0.01482609 0.01125656 0.00642510 0.00475581 0.00874673 0.01074940 0.00879614 0.00792673 0.00828052 0.00730423 0.00551377 0.00589352 0.00902890 0.00987305 0.01143158 0.01313335 0.01062074 0.01416709 0.01485510 0.01952556 0.01693245 0.00429862 0.00283975 0.00837254 0.00672740 0.01161257 0.00594126 0.00157713 0.00278381 0.00024844 
0.00000000 0.00000000 0.00000000 0.00000000 0.00000000 0.00000090 0.00000000 0.00000181 0.00000000 0.00000903 0.00000181 0.00000000 0.00000391 0.00008067 0.00001437 0.00007006 0.00021703 0.00027843 0.00038123 0.00051909 0.00166660 0.00206461 0.00216386 0.00240888 0.00284828 0.00702603 0.00749974 0.00672720 0.00305168 0.00620556 0.00839787 0.01104913 0.01549508 0.02569199 0.03975405 0.04817389 0.07612073 0.07712323 0.08810178 0.09213339 0.09598914 0.10018517 0.06260130 0.02765335 0.03775085 0.02934667 0.03946351 0.03260190 0.02972195 0.01746118 0.00194307 
0.00000022 0.00000120 0.00000438 0.00001510 0.00000131 0.00020117 0.00000033 0.00053992 0.00006863 0.00028807 0.00034871 0.00025732 0.00078278 0.00288214 0.00277543 0.00540156 0.00542739 0.00677910 0.00966244 0.00768611 0.01271007 0.01565197 0.01871197 0.02347916 0.04430537 0.07106737 0.09016920 0.07995119 0.06676884 0.06772478 0.05823034 0.03560160 0.03328313 0.03074728 0.03577967 0.03275087 0.01811142 0.01524449 0.01225312 0.00785543 0.00448470 0.00365015 0.00719359 0.01629094 0.03395044 0.03696939 0.03019161 0.02236245 0.01981358 0.01048890 0.00108366 
0.00016087 0.00013355 0.00002900 0.00012276 0.00002125 0.00023000 0.00007723 0.00052375 0.00147579 0.00245482 0.00086639 0.00497743 0.01004660 0.00840454 0.00738268 0.01925817 0.03643923 0.03486125 0.02334527 0.01678311 0.02356516 0.03801553 0.04592297 0.04285469 0.02296452 0.01865281 0.00956164 0.01355127 0.01813817 0.01905279 0.01767985 0.00736548 0.00964595 0.00658307 0.00861633 0.00931646 0.01127856 0.01345212 0.01027593 0.00794453 0.01034708 0.02233994 0.02242222 0.02151975 0.02258208 0.02325084 0.02464232 0.04201090 0.13843260 0.06783797 0.08258276 
0.08644161 0.14033296 0.15342195 0.09174634 0.07433757 0.07348791 0.03044505 0.03452699 0.00655584 0.02395933 0.00499729 0.00825806 0.01110936 0.00528886 0.00231933 0.00950252 0.01605188 0.01095035 0.00621410 0.02188654 0.03889181 0.02780770 0.00887893 0.00432234 0.00792212 0.01479940 0.01590925 0.01555130 0.01371072 0.01102389 0.00328381 0.00073535 0.00112554 0.00219546 0.00055910 0.00111752 0.00113578 0.00067154 0.00116768 0.00025234 0.00000171 0.00051423 0.00094998 0.00261551 0.00266550 0.00319509 0.00232564 0.00205982 0.00179264 0.00098444 0.00000000 
0.00000022 0.00000631 0.00000196 0.00001513 0.00000131 0.00000577 0.00000000 0.00003353 0.00001666 0.00012683 0.00023364 0.00013576 0.00029090 0.00070853 0.00106105 0.00294015 0.00438605 0.00315408 0.00576173 0.00656040 0.00850243 0.00945678 0.01000397 0.00957534 0.01721149 0.03765153 0.05769898 0.06911587 0.06986065 0.07199015 0.09024494 0.06655023 0.05203523 0.04342350 0.04010590 0.04347423 0.02583553 0.01947066 0.01743032 0.01273290 0.00997980 0.00654462 0.00630717 0.01525096 0.03362203 0.03837105 0.03269511 0.02419334 0.02184120 0.01200184 0.00138221 
0.00174673 0.00112234 0.00037571 0.00053937 0.00026766 0.00085077 0.00046970 0.00047130 0.00136682 0.00172225 0.00277782 0.01849183 0.01214148 0.00286008 0.00861646 0.02794196 0.02855274 0.01599080 0.03089575 0.08419840 0.13231939 0.09416778 0.03568230 0.01567766 0.01488135 0.02651417 0.04889441 0.05909567 0.07079525 0.03424611 0.00521164 0.00365379 0.00667493 0.00625707 0.00448022 0.00428629 0.00909601 0.00628314 0.00527523 0.00501394 0.00182566 0.00450846 0.01025209 0.02046204 0.03883264 0.03098396 0.02604779 0.02015513 0.00759884 0.00848538 0.00094173 
0.01660371 0.02841964 0.04936978 0.05608858 0.14663048 0.12723759 0.02060814 0.04915214 0.14194430 0.04680072 0.00297527 0.00633490 0.00878568 0.00568695 0.00036859 0.00188191 0.00282432 0.00052449 0.00099108 0.00144010 0.00431804 0.00209751 0.00327064 0.00138355 0.00363134 0.00393571 0.00426307 0.00406346 0.00589061 0.00565383 0.01045581 0.01463912 0.02015822 0.02102584 0.01730912 0.03190340 0.01695946 0.01377128 0.01089559 0.01274798 0.01581900 0.00859080 0.00300817 0.00561372 0.00639596 0.00503854 0.00942800 0.00843039 0.00541366 0.00914210 0.00007773 
0.00139340 0.00235069 0.00000000 0.00224897 0.00001259 0.00116779 0.00000906 0.00057106 0.00027193 0.00022560 0.00104190 0.00105801 0.00212308 0.00894200 0.00567681 0.00381560 0.00691662 0.01165728 0.02059173 0.01306679 0.01144478 0.03580376 0.08352364 0.11444473 0.08599268 0.04964606 0.04977196 0.04403471 0.06356138 0.06449602 0.05879252 0.08928204 0.01954027 0.01540641 0.00672979 0.00712208 0.01485197 0.00537920 0.00489174 0.00606004 0.00444910 0.00161900 0.00012287 0.00032481 0.00110082 0.01263170 0.01048748 0.02241266 0.01460874 0.01745345 0.00087270 
0.00198454 0.01264050 0.04763778 0.04958984 0.03238449 0.05395297 0.12821438 0.13970548 0.05196489 0.00722943 0.01323932 0.06196741 0.08529752 0.00960048 0.00187038 0.00558737 0.00816368 0.00734312 0.00167713 0.00548733 0.01325603 0.01104363 0.00723225 0.00393967 0.00542543 0.01066419 0.01089087 0.00923280 0.00814579 0.00946231 0.00778235 0.00732076 0.00692837 0.01395089 0.01063971 0.01730209 0.01319860 0.01116109 0.01332076 0.01483006 0.01323650 0.00711150 0.00140361 0.00500503 0.00948420 0.00844049 0.01285776 0.00594281 0.00146881 0.00371181 0.00007179 
0.17451549 0.18221002 0.26099387 0.03691564 0.00695379 0.01713859 0.00229537 0.00668932 0.00009992 0.00421763 0.00262038 0.00050951 0.00280181 0.00274503 0.00096071 0.00260213 0.00368323 0.00041641 0.00194000 0.00396185 0.00928804 0.00624221 0.00301513 0.00618663 0.01491246 0.02341611 0.02556056 0.01557339 0.01600140 0.01783943 0.01119428 0.01116751 0.01319874 0.01241094 0.01688299 0.01051254 0.00409639 0.00656927 0.00331712 0.00436923 0.00087204 0.00126048 0.00113617 0.00254654 0.00528355 0.00447171 0.00640233 0.01183867 0.01035532 0.00965551 0.00015262 
0.00124864 0.00282085 0.00037891 0.00215933 0.00012193 0.00169257 0.00004408 0.00021134 0.00075000 0.00184295 0.00021353 0.00031419 0.00095508 0.00254105 0.00171883 0.00177511 0.00454875 0.00380782 0.00596965 0.00686721 0.00838315 0.00289432 0.00671652 0.01045181 0.01511499 0.02621739 0.05576615 0.08502541 0.10916288 0.11124186 0.05740182 0.07103214 0.07281693 0.05182983 0.03723224 0.02349470 0.03778841 0.04086156 0.01457727 0.01144254 0.00815931 0.00594777 0.00326541 0.00626727 0.02912046 0.01169389 0.00517933 0.01188553 0.01220723 0.01623514 0.00060494 
0.10781001 0.14584720 0.10912379 0.09454073 0.03220676 0.07182867 0.02679619 0.05144405 0.00435798 0.03649790 0.01803350 0.00138809 0.01387474 0.01594974 0.00111359 0.00485475 0.01353145 0.00833536 0.00005581 0.00044712 0.00188129 0.00485540 0.00136181 0.00295594 0.00109055 0.00668055 0.02230452 0.04242113 0.04655004 0.03944053 0.00726493 0.00231543 0.00954467 0.00800407 0.01423783 0.00511790 0.00806021 0.00552511 0.00003926 0.00022324 0.00006814 0.00000000 0.00003472 0.00001265 0.00516851 0.00068658 0.00167687 0.00192185 0.00251855 0.00000032 0.00000000 
0.00099086 0.00078946 0.00038891 0.00072681 0.00021840 0.00066326 0.00162950 0.00275686 0.00320127 0.00845452 0.01028765 0.04586053 0.04535301 0.02245363 0.02380342 0.04721166 0.06563517 0.02986314 0.02889510 0.06497818 0.08398887 0.04914728 0.02443579 0.02148202 0.02518677 0.03373438 0.04375081 0.06658888 0.03646707 0.02131016 0.01516272 0.00875705 0.01182540 0.00658290 0.00134531 0.00342191 0.00843975 0.00680846 0.00506394 0.00524564 0.00164964 0.00477572 0.00924130 0.01836668 0.03269966 0.02438657 0.01377445 0.00238853 0.00125088 0.00781453 0.00074561 
0.07217735 0.12530440 0.13312909 0.08656574 0.03465582 0.06508393 0.02229445 0.04563325 0.00237940 0.03980449 0.01373664 0.00281543 0.01983963 0.01471290 0.00110698 0.00675977 0.02096900 0.00517335 0.00112252 0.00209283 0.00345073 0.00610299 0.00383556 0.00233964 0.00114171 0.00406729 0.01087642 0.03068269 0.03840866 0.04623199 0.01571567 0.00514776 0.01168768 0.01114288 0.01543641 0.00773969 0.01746800 0.01176950 0.00182683 0.00156174 0.00139903 0.00028886 0.00073996 0.00185425 0.00459198 0.00216002 0.00579265 0.01099754 0.01002585 0.00003428 0.00012477 
0.26907565 0.15765923 0.09656430 0.04628697 0.01551452 0.00914410 0.00110704 0.00116110 0.00125779 0.00176030 0.00199708 0.00982172 0.00332340 0.00154331 0.00781170 0.01645329 0.01646167 0.00550854 0.01874579 0.03020599 0.03735301 0.00798605 0.00575751 0.00741274 0.00969838 0.01191246 0.01215534 0.00878930 0.00426293 0.00788098 0.00569965 0.00803326 0.00263740 0.00222854 0.00266252 0.00744167 0.01438159 0.01747049 0.02834138 0.00749649 0.00006700 0.00607348 0.00148696 0.00791753 0.01226193 0.01032880 0.02405942 0.00598364 0.01013160 0.00064108 0.00004340 
0.00794365 0.01948518 0.06212170 0.06369075 0.07637319 0.12213777 0.03370204 0.02500850 0.05481852 0.01068172 0.00221354 0.00178288 0.00367468 0.00273706 0.00135774 0.00442608 0.00390306 0.00296243 0.00282490 0.00930842 0.01747794 0.01366874 0.00617683 0.00369425 0.00976919 0.01530254 0.01439705 0.00989568 0.00994387 0.01019785 0.01196015 0.01070731 0.00715661 0.00968939 0.00518952 0.00611861 0.00655529 0.00903436 0.01259158 0.00964271 0.00836829 0.01871772 0.00610255 0.02667743 0.02859634 0.03933678 0.06555093 0.02727675 0.03400019 0.03481985 0.00022989 
0.00000000 0.00000000 0.00013352 0.00010673 0.00248883 0.00592785 0.00743535 0.01211317 0.02251039 0.02277131 0.04324802 0.08658898 0.07412451 0.03259244 0.01786314 0.04826792 0.09873896 0.09641900 0.05643212 0.02232373 0.00797165 0.01239311 0.01905803 0.02603913 0.00862824 0.00516743 0.00392118 0.00356843 0.00471918 0.00591918 0.00572173 0.00570739 0.00648627 0.00779455 0.01190973 0.01333619 0.02155909 0.01624313 0.01686214 0.01544836 0.02016798 0.02784480 0.02681267 0.01408371 0.00958688 0.00463257 0.00892729 0.00712540 0.00546048 0.00603824 0.00077988 
0.00004042 0.00003789 0.00000533 0.00000982 0.00000842 0.00001684 0.00000056 0.00007157 0.00000196 0.00006848 0.00021583 0.00021611 0.00226243 0.00610585 0.00154590 0.00046590 0.00240249 0.00593436 0.00836941 0.00673229 0.01282944 0.04184311 0.09681177 0.13807923 0.10493307 0.08571065 0.00298879 0.00655519 0.02145089 0.02588707 0.06576777 0.03574456 0.01251566 0.00355938 0.00903402 0.01791901 0.02409025 0.02331927 0.01269304 0.00574660 0.01766978 0.02589521 0.04611763 0.03480798 0.04607609 0.01888674 0.00709154 0.00234158 0.01807253 0.00078726 0.00026298 
0.01336407 0.02666661 0.06138022 0.05766544 0.09876049 0.13795399 0.04289729 0.05047890 0.08638434 0.03309683 0.00759392 0.00899185 0.00985979 0.00534914 0.00099407 0.00546868 0.00864731 0.00479893 0.00198110 0.00695889 0.01500854 0.00968796 0.00610106 0.00415556 0.00562556 0.00752360 0.00662534 0.00687672 0.00717863 0.00811205 0.00740363 0.01170685 0.01115840 0.01355479 0.00992922 0.02081296 0.01564444 0.02077737 0.01863762 0.01295932 0.01182199 0.00759392 0.00367127 0.01245262 0.01430100 0.01556841 0.01868552 0.01101690 0.00758557 0.00832694 0.00020435 
0.00307200 0.01815006 0.05709718 0.04764907 0.04057888 0.05821965 0.12604358 0.12696098 0.04513865 0.01773587 0.02271164 0.06109424 0.07554561 0.00891762 0.00509498 0.00975458 0.01435852 0.01043897 0.00253341 0.00812731 0.01961756 0.01860663 0.01305869 0.00555425 0.00414039 0.00762005 0.00758129 0.00829610 0.00957475 0.01238399 0.00636078 0.00761937 0.00671639 0.01272337 0.01097216 0.01526060 0.01121418 0.00679864 0.01036506 0.00938005 0.00670287 0.00282231 0.00042727 0.00258231 0.00711458 0.00448428 0.00990128 0.00219065 0.00059628 0.00010975 0.00000135 
0.00000000 0.00003172 0.00133772 0.00145728 0.00632772 0.01161841 0.01622613 0.03274724 0.03372816 0.03719717 0.02361611 0.05038619 0.08074104 0.03836028 0.03224648 0.01291573 0.02496006 0.03009376 0.00914848 0.00565643 0.00468120 0.00746915 0.00916610 0.00632176 0.00370218 0.00331067 0.00641259 0.00675610 0.00717851 0.00825703 0.00897578 0.00905657 0.01313100 0.00946759 0.01159672 0.01265707 0.01236182 0.01111439 0.00723625 0.00975281 0.01873455 0.01726751 0.00836223 0.01133562 0.02195277 0.03466895 0.03163482 0.09391542 0.03096407 0.11002903 0.00373363 
0.00000000 0.00000000 0.00000000 0.00000000 0.00000000 0.00000000 0.00000000 0.00000000 0.00000000 0.00000000 0.00000000 0.00000000 0.00000000 0.00003807 0.00000000 0.00000785 0.00000022 0.00000000 0.00000000 0.00029879 0.00108488 0.00019985 0.00059650 0.00030108 0.00023061 0.00064188 0.00041224 0.00013483 0.00076198 0.00669715 0.00856726 0.00566387 0.00459720 0.00305927 0.00055068 0.00089223 0.00232293 0.00710274 0.01536106 0.01706273 0.01824296 0.01258716 0.01338907 0.02108100 0.10701373 0.11113083 0.13851354 0.16436857 0.15579172 0.15191254 0.02938295 
0.00000018 0.00000109 0.00000000 0.00000063 0.00000054 0.00045774 0.00001602 0.00035186 0.00001602 0.00024100 0.00007638 0.00001439 0.00020344 0.00034217 0.00013122 0.00041267 0.00145521 0.00213783 0.00224516 0.00361403 0.00693440 0.00536300 0.00772454 0.00842653 0.00546155 0.00856689 0.01404373 0.01948809 0.02643968 0.03856938 0.05703466 0.06263295 0.07532754 0.07795434 0.07459523 0.09221843 0.07421379 0.04932316 0.03336820 0.02465135 0.02289035 0.02014754 0.01422980 0.01701858 0.03020385 0.03150132 0.02905896 0.02370520 0.02099877 0.01493840 0.00125222 
0.00004181 0.00068265 0.00778248 0.02544845 0.05577453 0.03710489 0.03030256 0.10524644 0.21838633 0.05337703 0.00617115 0.02510512 0.10222559 0.01241426 0.00060465 0.00199648 0.00610904 0.00598823 0.00535965 0.00202100 0.00458394 0.00719150 0.00596350 0.00347333 0.00451539 0.00979846 0.01573261 0.01622550 0.01591734 0.01639335 0.01574930 0.01461698 0.01457939 0.01412912 0.01334556 0.02018489 0.01310696 0.00982258 0.00795757 0.00673319 0.00452243 0.00423859 0.00290647 0.00511241 0.00898837 0.00843618 0.01120657 0.00943281 0.00578580 0.00705722 0.00015036 
0.00000429 0.00001503 0.00000501 0.00018988 0.00003292 0.00036736 0.00001240 0.00031798 0.00010806 0.00047398 0.00059874 0.00018368 0.00081295 0.00364494 0.00120583 0.00198253 0.00870133 0.00773738 0.00838240 0.01546641 0.03041804 0.02699924 0.03608558 0.04025936 0.02914923 0.03972622 0.03086411 0.02445828 0.02903878 0.03991538 0.04636057 0.04263453 0.05175999 0.04663490 0.05286588 0.06323510 0.04268678 0.04411970 0.03931807 0.03532296 0.01740481 0.00906463 0.00743204 0.01446238 0.03224718 0.02798943 0.01921296 0.00934134 0.00851550 0.01103833 0.00119558 
0.00000000 0.00000000 0.00000869 0.00002121 0.00039472 0.00070910 0.00398128 0.00460274 0.00756262 0.01015837 0.01814249 0.05164843 0.08118249 0.05719815 0.01704910 0.02077372 0.06533146 0.09599716 0.03921286 0.06174143 0.00965167 0.01260424 0.01189514 0.02594785 0.00969932 0.00834927 0.00819904 0.01009995 0.00891544 0.00998692 0.01555021 0.00959012 0.01215840 0.01672811 0.01662690 0.01243105 0.01221891 0.00894709 0.01501429 0.00766869 0.00907646 0.01069811 0.00977896 0.01193409 0.02320290 0.02468579 0.05361264 0.02963352 0.01131819 0.03696174 0.00109895 
0.00205928 0.00741324 0.01740739 0.01784968 0.04691678 0.06100520 0.02861131 0.04369684 0.10018626 0.05232471 0.00585428 0.01182486 0.03920049 0.01078807 0.00430611 0.00198777 0.00382495 0.00300621 0.00251857 0.00129936 0.00478969 0.00556661 0.00452982 0.00193865 0.00287559 0.00589286 0.00870315 0.00816263 0.00866591 0.00970837 0.01119096 0.01559017 0.01156040 0.01134478 0.01298794 0.01410623 0.01146109 0.00838148 0.00694854 0.01270486 0.01828226 0.01740199 0.00941369 0.02360087 0.01284033 0.02056957 0.02488377 0.09282510 0.05728927 0.08289167 0.00081038 
0.00117457 0.00083135 0.00035954 0.00040136 0.00005972 0.00071326 0.00007504 0.00018709 0.00054630 0.00084679 0.00059796 0.00562792 0.00928916 0.00323875 0.00228718 0.01096451 0.01868300 0.01552142 0.01299828 0.04730983 0.12418766 0.12871974 0.06812669 0.02364015 0.01521600 0.02489278 0.03623639 0.05537533 0.07418974 0.06430641 0.01505497 0.00315599 0.00557099 0.00768080 0.00553510 0.00538088 0.00917387 0.00718863 0.00381893 0.00353790 0.00231156 0.00401587 0.00677173 0.01480570 0.04061090 0.03220689 0.03291008 0.02439859 0.01827739 0.00985492 0.00113442 
0.00003228 0.00001275 0.00001056 0.00000628 0.00002889 0.00000976 0.00026997 0.00054940 0.00241817 0.00389713 0.00186976 0.00856252 0.01069907 0.00569626 0.02823344 0.09386725 0.14131675 0.07880135 0.02254177 0.00779684 0.01909682 0.05517093 0.09675961 0.09511648 0.02199824 0.00413392 0.00426393 0.00823437 0.01523555 0.01834688 0.02444959 0.01072537 0.01032011 0.01188564 0.01396819 0.01504707 0.02077103 0.01943483 0.01311166 0.01045928 0.01559199 0.01978539 0.02354823 0.01001886 0.00636969 0.00744907 0.00932999 0.00388687 0.00538176 0.00257826 0.00091023 
0.00000000 0.00007652 0.00284492 0.00290782 0.01195716 0.01611106 0.03345068 0.04972937 0.04643440 0.03446718 0.04884905 0.10186787 0.10086337 0.03341501 0.01950168 0.02430082 0.03119426 0.03270848 0.01088262 0.01055416 0.01417013 0.01208005 0.01215981 0.00996987 0.00689019 0.01013069 0.01056907 0.01030254 0.01368636 0.01247952 0.00743946 0.00740023 0.00689700 0.01248925 0.00874293 0.00844916 0.01000878 0.01020268 0.01347041 0.00984244 0.01111737 0.01182519 0.00995787 0.01398239 0.02884608 0.02753743 0.04872551 0.01209464 0.00307157 0.01282970 0.00051522 
0.00150587 0.00580740 0.02277526 0.02642339 0.04581211 0.03981313 0.03841415 0.08723338 0.11514564 0.10723084 0.01111092 0.03024870 0.08021196 0.03449463 0.01692119 0.00346462 0.01169834 0.00862121 0.00398924 0.00133474 0.00466626 0.00264931 0.00289736 0.00141310 0.00087494 0.00240846 0.00255165 0.00213103 0.00259400 0.00354067 0.00423354 0.00875517 0.01008530 0.01780823 0.01370866 0.02211869 0.02390516 0.01987300 0.01910033 0.01723435 0.02094558 0.02391582 0.01340241 0.00599120 0.00742159 0.00751089 0.00991446 0.01373459 0.00551152 0.01662849 0.00021751 
0.00001864 0.00001065 0.00000266 0.00000533 0.00003447 0.00003003 0.00050211 0.00091220 0.00619647 0.00571567 0.00339508 0.01114965 0.01097612 0.01322392 0.05788260 0.11545230 0.13790443 0.05672615 0.00664798 0.00574614 0.02324745 0.06937562 0.10101379 0.09515329 0.01348592 0.00416851 0.00657535 0.01455390 0.02322023 0.02448246 0.02500010 0.01295156 0.00784881 0.01107923 0.01156729 0.01603981 0.02421084 0.02191496 0.00971375 0.00618952 0.00601998 0.00619987 0.00702937 0.00198580 0.00498307 0.00592899 0.00773046 0.00225919 0.00231985 0.00096087 0.00025756 
0.04257267 0.10205109 0.21353592 0.04248281 0.08307697 0.20048240 0.00893670 0.01248323 0.00602390 0.00887674 0.00270407 0.00213634 0.00302668 0.00250622 0.00165138 0.00521709 0.00561204 0.00134237 0.00297049 0.00940429 0.01909811 0.01541369 0.00481837 0.00467972 0.01104314 0.01989828 0.02089615 0.01591708 0.01704408 0.01628711 0.01326406 0.00912353 0.00810074 0.00893232 0.00807567 0.00695682 0.00236063 0.00228073 0.00403844 0.00140037 0.00080062 0.00068297 0.00080515 0.00276252 0.00601529 0.00627809 0.00769371 0.00309781 0.00199634 0.00314086 0.00000423 
0.00000000 0.00000000 0.00000000 0.00000000 0.00000000 0.00000000 0.00000000 0.00000000 0.00000000 0.00000000 0.00000000 0.00000000 0.00000000 0.00020533 0.00000000 0.00002797 0.00036367 0.00024363 0.00037345 0.00223744 0.00603821 0.00098319 0.00048182 0.00200495 0.00156795 0.00243299 0.00196367 0.00601893 0.01086373 0.01070891 0.01636417 0.01909022 0.02248060 0.02586175 0.02179861 0.03334487 0.04056508 0.04986412 0.04210587 0.02960847 0.02091754 0.02646633 0.04567252 0.07559957 0.10339674 0.10262648 0.05421026 0.03525340 0.03153167 0.14667945 0.01004648 
0.00000000 0.00000101 0.00016820 0.00014356 0.00423291 0.00828692 0.01094354 0.02042432 0.02819414 0.05627925 0.08824107 0.06861940 0.02327795 0.01454953 0.04749413 0.10274807 0.12173675 0.04903768 0.01009599 0.00401610 0.01179379 0.02060389 0.02949995 0.02337178 0.00695670 0.00722211 0.01130133 0.01168252 0.00945389 0.01068049 0.00837445 0.00803039 0.00593858 0.00653073 0.00976667 0.00930436 0.01229683 0.00965664 0.01078850 0.01392948 0.02285041 0.02396990 0.01530347 0.00331931 0.00669005 0.00567620 0.01137694 0.00685870 0.00382573 0.00307730 0.00137838 
0.00560097 0.00270182 0.00125979 0.00276542 0.00048679 0.00483001 0.00011497 0.00073916 0.00113014 0.00217956 0.00073997 0.00064539 0.00120108 0.00301371 0.00433547 0.00386540 0.00702669 0.00489891 0.01041508 0.01150690 0.00386173 0.00797419 0.02137118 0.03954641 0.04481266 0.03879543 0.08761251 0.09932897 0.11959936 0.08338263 0.04497289 0.08273969 0.03105322 0.02668554 0.01315727 0.01291550 0.04014328 0.02512650 0.00459966 0.00936852 0.00390780 0.00190192 0.00190681 0.00160063 0.02824132 0.00925722 0.00565153 0.01511830 0.01116158 0.01413208 0.00061644 
0.21289353 0.15554495 0.08028080 0.02024083 0.00369828 0.00378237 0.00029806 0.00143938 0.00012157 0.00058439 0.00124601 0.00166450 0.00067592 0.00175002 0.00278036 0.00414851 0.00247715 0.00129836 0.00863970 0.01294639 0.02214217 0.00405726 0.00454554 0.01012942 0.01655971 0.01423846 0.00935224 0.01242865 0.01099185 0.01508572 0.01135856 0.01065260 0.01051215 0.00585477 0.00388020 0.00482415 0.00437963 0.00702269 0.01083138 0.00381126 0.00022969 0.00428495 0.00109870 0.01002559 0.02075085 0.02994118 0.06688017 0.04071793 0.05874305 0.05795757 0.00020080 
