0.02040008 0.07351044 0.27194729 0.12380200 0.70329205 0.10124248 0.13028177 0.00000000
0.05045865 0.13732993 0.53014447 0.05294554 0.09302396 0.00284111 0.00119499 0.00000000
0.05727240 0.18810402 0.69667146 0.32292053 0.58342435 0.08819999 0.03318354 0.00000000
0.08773715 0.28131449 0.15088671 0.25431058 0.65496235 0.28998153 0.73843707 0.00000000
0.09512903 0.01582099 0.01441401 0.00263070 0.00333063 0.00050599 0.00047551 0.00000000
0.11547749 0.20460655 0.63105888 0.36034850 0.75262924 0.35161287 0.39477492 0.00000000
0.14035878 0.34455629 0.12118693 0.27889822 0.32988608 0.04004970 0.03848642 0.00000000
0.14651679 0.26828976 0.15773412 0.02715719 0.02840298 0.00199042 0.00060695 0.00000000
0.17799938 0.30430702 0.06721195 0.43806234 0.28569708 0.32777489 0.47738057 0.00057900
0.17885925 0.43710746 0.27304384 0.46151366 0.66139403 0.10709533 0.06583655 0.00017583
0.21042303 0.35949055 0.42197384 0.35225608 0.39578838 0.51475455 0.48293652 0.00135361
0.24620786 0.48067379 0.42636528 0.56891475 0.76647765 0.55112340 0.83162241 0.01330272
0.24746151 0.46116874 0.51627008 0.15603224 0.23469009 0.00814168 0.00137705 0.00000000
0.25192905 0.50778197 0.23978802 0.50592871 0.68111476 0.33650204 0.41849805 0.00058114
0.29753586 0.33423091 0.37073484 0.41926186 0.36157187 0.08759996 0.05356972 0.00128380
0.30819747 0.02477224 0.01765999 0.00393831 0.00008717 0.00226188 0.00015777 0.00000000
0.31206472 0.34895915 0.44084318 0.02711479 0.02578810 0.00386694 0.00074419 0.00000000
0.31989336 0.46797710 0.64354853 0.38349466 0.47416484 0.08530572 0.01804087 0.00079191
0.32218388 0.52974826 0.68841601 0.56014252 0.82169425 0.09858290 0.06469721 0.00096082
0.34037566 0.45535621 0.79890198 0.09400214 0.14199207 0.01737343 0.00200626 0.00000000
0.35929360 0.59762790 0.67057982 0.63144131 0.89319961 0.38463905 0.46528220 0.01081223
0.39110358 0.15799092 0.16358358 0.00607176 0.00131601 0.00272876 0.00101070 0.00026455
0.40024490 0.55389092 0.72277645 0.39567523 0.55566827 0.37492515 0.27992136 0.00710159
0.41580264 0.22797918 0.05393501 0.44253981 0.06803971 0.06981780 0.02419750 0.00014554
0.43290163 0.37851540 0.29070718 0.31336477 0.12676671 0.40188119 0.15810789 0.01079163
0.43322186 0.42807639 0.12010333 0.05914585 0.01787309 0.00287814 0.00025617 0.00000000
0.43932921 0.73992395 0.75369681 0.70728109 0.92060477 0.38880671 0.42272588 0.72247084
0.44206619 0.55193412 0.65834635 0.47365981 0.51858165 0.66327435 0.64474751 0.00938622
0.44603991 0.47664971 0.13512432 0.68537850 0.42509381 0.56834748 0.72032042 0.00201524
0.46108309 0.63980119 0.76024634 0.69909652 0.93636425 0.70020576 0.89113543 0.88988750
0.46405963 0.45308681 0.43293167 0.43866594 0.41706419 0.40653762 0.37342873 0.37203250
0.46689398 0.49060367 0.66921951 0.24315864 0.19719319 0.54762093 0.26205043 0.01401473
0.47077117 0.39393336 0.44039026 0.59955910 0.47617109 0.40489011 0.31456057 0.00864900
0.47461832 0.56122978 0.33960099 0.11921506 0.11459294 0.01459695 0.00295690 0.00608930
0.47713252 0.59283425 0.34056410 0.38686528 0.39578449 0.06804667 0.01793864 0.00709994
0.50047376 0.42062714 0.08288639 0.62541900 0.34935286 0.13126509 0.06835567 0.00042221
0.51519324 0.12945080 0.03214270 0.59308960 0.05112802 0.44837159 0.27699315 0.00000000
0.53893727 0.68338861 0.39330509 0.60538854 0.71202327 0.10568202 0.06825286 0.00139494
0.54270140 0.73233397 0.31446761 0.69577495 0.73095424 0.40834113 0.46041466 0.00280912
0.55240425 0.61915044 0.36256875 0.43431266 0.37605951 0.42005836 0.28685191 0.00499683
0.55245695 0.68744441 0.42687314 0.77598380 0.71945994 0.69131369 0.83610835 0.01493894
0.56025941 0.07356063 0.06806717 0.00912931 0.00039975 0.00909924 0.00156542 0.00000099
0.56393158 0.25439582 0.28091598 0.01124310 0.00398060 0.00636289 0.00213631 0.00316752
0.57244627 0.42439327 0.19181409 0.48828263 0.11879056 0.62773022 0.47350036 0.00222464
0.60608118 0.72266212 0.58435384 0.15395993 0.27179454 0.03055377 0.00677750 0.00095984
0.60645495 0.46025400 0.51878247 0.04440913 0.04151443 0.01287510 0.00207785 0.00567200
0.62472324 0.47079934 0.09479432 0.72747677 0.36723971 0.39182848 0.34357379 0.00336142
0.62515861 0.62441415 0.62150350 0.62206271 0.61833047 0.61715969 0.62447291 0.46951145
0.63657877 0.65747020 0.38594938 0.55063862 0.36548464 0.71173221 0.61574736 0.00609218
0.66669265 0.67538988 0.64733939 0.44671152 0.47352417 0.12214725 0.05550647 0.00878031
0.68505757 0.65335797 0.54900076 0.77745099 0.66664937 0.46488889 0.41996163 0.00305534
0.69690885 0.43697213 0.28683408 0.48427818 0.13270551 0.10587775 0.01403814 0.00048195
0.70186042 0.61295034 0.79312629 0.12987342 0.18080022 0.04099988 0.01175372 0.00022448
0.72380620 0.81397799 0.61223203 0.48613981 0.52680043 0.47750325 0.36642773 0.00290550
0.73091050 0.86543068 0.78829400 0.82204009 0.91827589 0.53178407 0.54032346 0.03193765
0.74319977 0.84838337 0.86813835 0.83079635 0.82427361 0.90978114 0.86580115 0.47222463
0.74496985 0.86923665 0.92943855 0.86568940 0.96104072 0.75707844 0.67705268 0.77454714
0.75138334 0.78724234 0.70785329 0.90581641 0.79835822 0.86857895 0.88308619 0.08219567
0.75376843 0.82805750 0.79956549 0.62464770 0.55158042 0.85432167 0.74466968 0.04100197
0.76949810 0.64688485 0.43583349 0.88088366 0.59880163 0.80960957 0.80468958 0.71797287
0.78999191 0.56677852 0.33205505 0.91174301 0.45391691 0.81433338 0.73129463 0.03016594
0.79311555 0.27874979 0.10243525 0.78138223 0.12826987 0.70714990 0.47634848 0.00084101
0.79477331 0.91086677 0.63527315 0.89612176 0.91303100 0.76061569 0.72413727 0.80921537
0.79786111 0.59720871 0.50618591 0.17614172 0.05127399 0.53339480 0.15091570 0.03560068
0.80655009 0.90516963 0.87937156 0.91313447 0.96204403 0.89657812 0.94994246 0.91360865
0.81187978 0.14865537 0.16369882 0.17504804 0.00081817 0.62395020 0.09291304 0.00020596
0.81298265 0.32128141 0.25945856 0.04497096 0.01207612 0.03474933 0.01027174 0.00278093
0.81600540 0.45583573 0.30907020 0.57147620 0.08895766 0.47358047 0.15042019 0.00982625
0.82563184 0.86068404 0.77312819 0.76058993 0.83725006 0.10143911 0.11887383 0.04055153
0.83330311 0.78930175 0.78965495 0.27616256 0.14832826 0.85242753 0.51659431 0.04486523
0.84145827 0.87110650 0.88655251 0.54264861 0.56974709 0.54957059 0.40756718 0.01997934
0.84707545 0.59335082 0.50045669 0.73146662 0.45104513 0.12417241 0.07083682 0.04246698
0.85665389 0.90585745 0.91013306 0.67445789 0.72358390 0.58891623 0.45168635 0.56148084
0.85895907 0.87776470 0.84531750 0.88037400 0.83113756 0.56228357 0.47128318 0.32986574
0.86067640 0.56848370 0.37547674 0.85910132 0.43370119 0.50301185 0.38176491 0.02848919
0.87060662 0.69598409 0.64011857 0.65156755 0.31005518 0.88462574 0.60561510 0.06862215
0.87069904 0.57426000 0.47470842 0.29624623 0.02267113 0.81737519 0.29881145 0.01239734
0.88025335 0.87416561 0.85965936 0.52317883 0.36383876 0.93638776 0.61655765 0.40216760
0.88376895 0.58641369 0.51800951 0.10395500 0.06226199 0.05982329 0.03056478 0.03429412
0.88823628 0.51987098 0.38267960 0.65787102 0.09219123 0.84937567 0.48790244 0.04360026
0.89433534 0.77326499 0.62632093 0.87479040 0.68866587 0.56293951 0.47961131 0.06375282
0.90278619 0.93354253 0.90906914 0.88514248 0.89532411 0.25913827 0.20976924 0.76627156
0.90668076 0.85492525 0.85601813 0.43734268 0.42897062 0.09904402 0.05914917 0.04752532
0.90869346 0.67071764 0.64219015 0.55732074 0.25232322 0.53218067 0.23937778 0.03290363
0.91692661 0.81343274 0.86426793 0.14531581 0.10769517 0.55554026 0.16609850 0.05693527
0.91933937 0.93151749 0.90113505 0.89379685 0.86785759 0.59689283 0.43811208 0.71510219
0.92735801 0.80181053 0.70664362 0.86443306 0.53062696 0.93629396 0.74064895 0.34993389
0.93636782 0.83643819 0.72441583 0.87364304 0.68733890 0.80942164 0.65556843 0.60243669
0.93876263 0.89434693 0.75654647 0.96081373 0.81124173 0.93924042 0.90525619 0.87973690
0.94342705 0.88566273 0.88381785 0.47859524 0.33699090 0.59984675 0.24792852 0.39154389
0.94757215 0.86739274 0.85421473 0.25121654 0.14755740 0.77749231 0.31931480 0.45719287
0.94808301 0.93156049 0.90829247 0.68712367 0.65141338 0.12707425 0.11333303 0.56102936
0.95543565 0.84913788 0.80439312 0.76091720 0.51462721 0.56336439 0.31811025 0.35853772
0.95590665 0.93170957 0.92555425 0.66081441 0.57293353 0.86757838 0.58634870 0.76392457
0.96202484 0.97257066 0.95210583 0.96324507 0.94712718 0.95002314 0.94168011 0.78695441
0.96683776 0.97648139 0.95911546 0.94306839 0.94050432 0.83221363 0.75225986 0.83225368
0.96722614 0.93434298 0.93678174 0.84791313 0.76744133 0.84654787 0.68089125 0.60131351
0.97614803 0.95608317 0.93249184 0.87553020 0.73144945 0.96364542 0.85543907 0.82867680
0.98087301 0.98797713 0.97391041 0.98497302 0.97159045 0.97813077 0.96636575 0.97162548
0.98633099 0.81453947 0.85860714 0.17076925 0.21718722 0.12176514 0.10560259 0.40975183
