0.00001655 0.00001655 0.00000000 0.00001053 0.00000000 0.00000903 0.00000000 0.00000000 0.00000000 0.00001505 0.00000000 0.00000000 0.00000000 0.00001204 0.00000000 0.00000000 0.00001354 0.00000000 0.00001956 0.00007073 0.00053878 0.00012040 0.00026337 0.00036420 0.00105648 0.00279471 0.00369317 0.00376089 0.00376842 0.01195539 0.02736467 0.04424729 0.05737054 0.06514967 0.09495237 0.13768116 0.17609222 0.11800382 0.06063329 0.02680934 0.02068566 0.01912953 0.01293813 0.01772992 0.01667645 0.01657110 0.02152844 0.01879393 0.01433473 0.00471955 0.00008879 
0.00000000 0.00000000 0.00000000 0.00000000 0.00000000 0.00006451 0.00008601 0.00147293 0.00566594 0.00640778 0.01224573 0.02563110 0.01643874 0.04179031 0.08488152 0.11650110 0.11927493 0.04248914 0.01264353 0.01487980 0.06285211 0.07630198 0.05389627 0.03641466 0.00395648 0.00183847 0.00464456 0.00551542 0.00510687 0.00250505 0.00289210 0.00245130 0.01095558 0.02431944 0.01695480 0.03242592 0.01881478 0.02961983 0.03522126 0.01535286 0.01139638 0.01113835 0.00404249 0.00623575 0.00516062 0.01031050 0.00655829 0.00134391 0.00074184 0.00037630 0.00018277 
0.21247883 0.22557877 0.14991530 0.04810841 0.02032750 0.00000000 0.00158103 0.00000000 0.00282326 0.00095991 0.00282326 0.01914173 0.00513834 0.00242801 0.01095426 0.01959345 0.06098250 0.03054771 0.02919255 0.02049689 0.03704122 0.00547713 0.00237154 0.00073405 0.00175042 0.00976849 0.00649351 0.00000000 0.00000000 0.01705251 0.00575946 0.02202146 0.00000000 0.00000000 0.00000000 0.00000000 0.00344438 0.00146810 0.01157538 0.00367024 0.00000000 0.00796160 0.00000000 0.00000000 0.00033879 0.00000000 0.00000000 0.00000000 0.00000000 0.00000000 0.00000000 
0.00006744 0.00008430 0.00001686 0.00000000 0.00000000 0.00006182 0.00165235 0.00155681 0.00691291 0.03586282 0.01257812 0.04265770 0.05678701 0.04488894 0.01647858 0.06027719 0.13478486 0.10572816 0.06136752 0.02785958 0.01294906 0.02468976 0.04727193 0.09462816 0.04554651 0.01372465 0.01304460 0.00772784 0.00576076 0.00187716 0.00136010 0.00127580 0.00100040 0.00103975 0.00098354 0.00184344 0.00531114 0.00896992 0.01209478 0.00632278 0.00780653 0.01836136 0.02311609 0.02145812 0.00763792 0.00136010 0.00052830 0.00257970 0.00010678 0.00000000 0.00000000 
0.00000000 0.00000000 0.00000000 0.00000000 0.00000000 0.00000000 0.00000000 0.00000000 0.00000000 0.00000000 0.00008846 0.00178524 0.00636359 0.00406101 0.00258135 0.01732161 0.03071892 0.02652656 0.02175521 0.07866831 0.18755964 0.19189675 0.08263282 0.01024768 0.00926393 0.01689541 0.02424275 0.03244250 0.09082453 0.05016083 0.00220072 0.00040208 0.00035383 0.00013403 0.00022516 0.00046909 0.00079612 0.00091406 0.00146089 0.00102933 0.00046641 0.00199700 0.00529405 0.01005736 0.02095105 0.02045515 0.01820619 0.02207956 0.00640648 0.00006433 0.00000000 
0.00000000 0.00000000 0.00000000 0.00000000 0.00000000 0.00000000 0.00000000 0.00000000 0.00000000 0.00000000 0.00000000 0.00000000 0.00000000 0.00000000 0.00000000 0.00000000 0.00001889 0.00000000 0.00000000 0.00010524 0.00024826 0.00000000 0.00000000 0.00016461 0.00011873 0.00020509 0.00000000 0.00000000 0.00000000 0.00003508 0.00043176 0.00399108 0.00705388 0.00543478 0.00117115 0.00499223 0.00724278 0.01715168 0.03016655 0.04275776 0.04823842 0.02376301 0.01585370 0.03368540 0.08802243 0.12665958 0.15737123 0.17602327 0.13103115 0.06933261 0.00872965 
0.00220489 0.00525712 0.00003644 0.01213601 0.00000000 0.01672801 0.00000000 0.00624112 0.00145778 0.00840045 0.00182222 0.00005467 0.00223222 0.00386311 0.00000000 0.00000000 0.00009111 0.00089289 0.00300667 0.00006378 0.00065600 0.00119356 0.00255111 0.00261489 0.00121178 0.00198622 0.01337512 0.04711360 0.08974452 0.13312256 0.10290098 0.09531142 0.03636248 0.06960895 0.07622362 0.09714275 0.04543715 0.04568315 0.01334779 0.01154379 0.00201356 0.00030067 0.00046467 0.00038267 0.02818069 0.00142133 0.00052844 0.00000000 0.00035533 0.01472357 0.00000911 
0.30999923 0.23978223 0.13462925 0.01091941 0.00073614 0.00059045 0.00031439 0.00003834 0.00042941 0.00026072 0.00162564 0.00628786 0.00099686 0.00162564 0.00598880 0.00858830 0.00600414 0.00201672 0.01268308 0.01665516 0.02144007 0.00272985 0.00394142 0.00533701 0.00681696 0.00500728 0.00424814 0.00313626 0.00489993 0.00338164 0.00341232 0.00601181 0.00440150 0.00317460 0.00532168 0.00300590 0.00493827 0.00675562 0.01460778 0.00391841 0.00000000 0.00378805 0.00104286 0.00846561 0.01703857 0.01995246 0.03615520 0.01237635 0.01682386 0.00769880 0.00000000 
0.00000000 0.00000000 0.00012825 0.00010037 0.00126860 0.00869063 0.03632389 0.13830013 0.18908053 0.07967111 0.00575193 0.03871612 0.20914677 0.09081810 0.01604017 0.00260970 0.01168231 0.01472975 0.01220369 0.00086711 0.00423519 0.00480675 0.00350190 0.00084481 0.00061618 0.00141359 0.00137177 0.00187084 0.00277978 0.00509672 0.00231137 0.00491549 0.00899454 0.01284217 0.01132821 0.01688777 0.01450391 0.00789880 0.01222600 0.00580491 0.00546754 0.00690901 0.00594710 0.00097027 0.00032621 0.00000000 0.00000000 0.00000000 0.00000000 0.00000000 0.00000000 
0.00000000 0.00000000 0.00000000 0.00000000 0.00000000 0.00000000 0.00000000 0.00011206 0.00009228 0.00007910 0.00032958 0.00044823 0.00208954 0.00970944 0.00446252 0.00994015 0.04072956 0.02732222 0.02135682 0.02876579 0.05076858 0.08791231 0.13832494 0.20882880 0.07734595 0.07338440 0.04167875 0.02106679 0.01953094 0.02206871 0.03258233 0.01428402 0.00628180 0.00090964 0.00373085 0.00513486 0.01110027 0.01361168 0.00630817 0.00744193 0.00224774 0.00036913 0.00014502 0.00060643 0.00019116 0.00288053 0.00121286 0.00218841 0.00221478 0.00021093 0.00000000 
0.00140594 0.00878333 0.03003870 0.03117252 0.06198222 0.11404729 0.06719780 0.06461269 0.08898228 0.05424200 0.02798271 0.01603979 0.00718087 0.00234323 0.00031747 0.00325029 0.00332588 0.00099776 0.00155711 0.00270605 0.00468646 0.00523069 0.00331076 0.00169317 0.00441434 0.00689363 0.00621334 0.00448993 0.00504928 0.00657616 0.00373405 0.00683316 0.00563887 0.00654593 0.00781581 0.00817863 0.00640987 0.01277438 0.00817863 0.01798996 0.01277438 0.01853420 0.00450505 0.02266130 0.02182984 0.02322066 0.01859467 0.06677451 0.03152023 0.05519441 0.00356776 
0.00000000 0.00000534 0.00000000 0.00000356 0.00000000 0.00001068 0.00000000 0.00000712 0.00000000 0.00017619 0.00001068 0.00000000 0.00000000 0.00016017 0.00000000 0.00000000 0.00001068 0.00001424 0.00002848 0.00016907 0.00114969 0.00077951 0.00111232 0.00380679 0.00385663 0.00495471 0.00696400 0.01190980 0.02809625 0.05112033 0.07829468 0.09092527 0.10183666 0.12359715 0.11150937 0.11214473 0.06510171 0.03063055 0.02507786 0.01442097 0.01438360 0.01076011 0.00842336 0.00968517 0.01476090 0.01935610 0.02129776 0.01786115 0.01301144 0.00241150 0.00016373 
0.00009483 0.00000000 0.00000000 0.00000000 0.00000000 0.00000000 0.00002371 0.00026868 0.00033980 0.00125646 0.00349280 0.02795031 0.05450982 0.02021399 0.00967237 0.02625132 0.03691148 0.02471038 0.02998119 0.07338043 0.14744836 0.15305897 0.06970588 0.02894600 0.01424778 0.01273845 0.01855452 0.02508179 0.04851991 0.03224914 0.01646832 0.00105100 0.00270257 0.00674853 0.01581243 0.01774058 0.01371833 0.00692238 0.00974349 0.01193242 0.01619964 0.01256460 0.00224424 0.00193605 0.00071911 0.00223634 0.00087715 0.00041092 0.00036350 0.00000000 0.00000000 
0.00000000 0.00000000 0.00000000 0.00000000 0.00000000 0.00000000 0.00000000 0.00000000 0.00000000 0.00000000 0.00000000 0.00000000 0.00000372 0.00087685 0.00126325 0.00099203 0.00363743 0.00333276 0.00630141 0.00588528 0.01182630 0.03955474 0.11617486 0.20589197 0.16525232 0.10517340 0.01508475 0.01025094 0.01966591 0.01972164 0.05285236 0.03396669 0.01014319 0.00532053 0.00533168 0.00992027 0.01997429 0.01824660 0.00915860 0.00426163 0.00494156 0.00763526 0.01715054 0.01894511 0.02493814 0.01049988 0.00686616 0.00390494 0.00389751 0.00111092 0.00004459 
0.00035504 0.00054621 0.00020028 0.00067366 0.00005462 0.00084662 0.00000000 0.00032773 0.00040966 0.00036414 0.00001821 0.00007283 0.00034593 0.00031862 0.00009103 0.00055531 0.00261270 0.00253077 0.00345933 0.00371422 0.00686403 0.01040529 0.01489331 0.01398296 0.02545335 0.05261816 0.06880417 0.07011507 0.06743864 0.06762071 0.06845823 0.04955939 0.03611354 0.03153448 0.03514857 0.02924951 0.01393744 0.01040529 0.00823866 0.00588085 0.00361408 0.00966790 0.00679120 0.01619511 0.02998689 0.03132510 0.02574467 0.04635496 0.07004224 0.04236764 0.01369165 
0.02119933 0.06292325 0.09667902 0.03933777 0.22807071 0.27470188 0.03641182 0.00739155 0.00626902 0.00276033 0.00120841 0.00046619 0.00025150 0.00133109 0.00007361 0.00044779 0.00253337 0.00023309 0.00051526 0.00112867 0.00376632 0.00182795 0.00096305 0.00172981 0.00617087 0.00974090 0.00794975 0.00826259 0.00910909 0.00694376 0.01059353 0.01119467 0.00797429 0.00793135 0.00598071 0.00915816 0.00423251 0.00222053 0.00350869 0.00452694 0.00493792 0.00041712 0.00046005 0.00247203 0.00677814 0.00850795 0.01917509 0.01330479 0.01086343 0.02536436 0.00000000 
0.00000000 0.00000000 0.00000000 0.00000000 0.00124375 0.00126295 0.00688142 0.02365037 0.06259544 0.02784741 0.02911997 0.06312848 0.04094275 0.07166182 0.15785000 0.09517773 0.03899790 0.00645883 0.00585857 0.03347067 0.07589247 0.11865522 0.03290403 0.00958020 0.00090280 0.00711672 0.00863899 0.00867260 0.00555604 0.00178158 0.00222818 0.00166633 0.00094121 0.00123414 0.00169034 0.00366881 0.00489335 0.00312137 0.00349113 0.00861017 0.01528510 0.01243265 0.00326543 0.00016327 0.00110929 0.00026892 0.00008164 0.00000000 0.00000000 0.00000000 0.00000000 
0.00000000 0.00000000 0.00000000 0.00000000 0.00000000 0.00000000 0.00000000 0.00000000 0.00000000 0.00000000 0.00000000 0.00000000 0.00000000 0.00000000 0.00000000 0.00000000 0.00000000 0.00000000 0.00000000 0.00000000 0.00000000 0.00000000 0.00000000 0.00000000 0.00000000 0.00000000 0.00000000 0.00000000 0.00000000 0.00000000 0.00000000 0.00000000 0.00053014 0.00000000 0.00002236 0.00017884 0.00059242 0.00139882 0.00357528 0.00238246 0.00326071 0.00814219 0.00105869 0.00560644 0.02290321 0.03260231 0.08292934 0.13574262 0.26665325 0.36985105 0.06256986 
0.34805893 0.45299509 0.02284085 0.01914384 0.00624688 0.00730317 0.00299282 0.00401504 0.00046000 0.00266912 0.00051679 0.00270887 0.00169234 0.00032370 0.00128913 0.00254418 0.00103357 0.00010222 0.00580960 0.01644632 0.02959884 0.02315888 0.00711576 0.00367998 0.00906365 0.01190314 0.01226091 0.00228295 0.00059061 0.00000000 0.00006815 0.00020444 0.00020444 0.00040321 0.00013630 0.00005679 0.00003975 0.00000000 0.00003975 0.00000000 0.00000000 0.00000000 0.00000000 0.00000000 0.00000000 0.00000000 0.00000000 0.00000000 0.00000000 0.00000000 0.00000000 
0.00000000 0.00000000 0.00000000 0.00000220 0.00000000 0.00000220 0.00000000 0.00000000 0.00000000 0.00000000 0.00000440 0.00000000 0.00000000 0.00000220 0.00000000 0.00000000 0.00000000 0.00000000 0.00000000 0.00169187 0.00767173 0.00000000 0.00000000 0.00036082 0.00008580 0.00143446 0.00000000 0.00000000 0.00000000 0.00000000 0.00000000 0.00003300 0.00001540 0.00000000 0.00000000 0.00001320 0.00074803 0.00048402 0.00174247 0.00212309 0.00250151 0.00685989 0.00911939 0.02188654 0.12536137 0.17739579 0.24001047 0.20764489 0.11117076 0.06933377 0.01230073 
0.01168886 0.08080995 0.14532297 0.02537962 0.09756658 0.41161249 0.02828237 0.01363886 0.01338306 0.01693458 0.00497509 0.00016682 0.00299914 0.00657290 0.00004078 0.00110104 0.00560161 0.00192405 0.00001483 0.00047452 0.00117519 0.00009639 0.00002224 0.00012605 0.00035960 0.00212794 0.00398155 0.00777033 0.01154428 0.01557773 0.00981301 0.00702147 0.01378715 0.01342755 0.01215597 0.01572231 0.00349220 0.00171644 0.00347737 0.00285456 0.00388146 0.00137909 0.00000000 0.00000000 0.00000000 0.00000000 0.00000000 0.00000000 0.00000000 0.00000000 0.00000000 
0.00000000 0.00000000 0.00000000 0.00000000 0.00000778 0.00001557 0.00184273 0.00471287 0.00895484 0.03808629 0.10973863 0.20493781 0.15271097 0.02648508 0.00378469 0.02105613 0.11072518 0.15166021 0.01558633 0.00272420 0.00354730 0.00266583 0.00656727 0.00746820 0.00580839 0.00167149 0.00468757 0.00892954 0.01024105 0.01065163 0.00956584 0.00870382 0.00948995 0.00732810 0.00875247 0.00720162 0.01068665 0.00582395 0.00238757 0.00257632 0.00343055 0.00582006 0.00197894 0.00044755 0.00028604 0.00002724 0.00022572 0.00000000 0.00000000 0.00000000 0.00000000 
0.00000000 0.00000000 0.00000000 0.00000000 0.00000000 0.00000000 0.00000000 0.00000000 0.00000000 0.00000000 0.00000000 0.00000000 0.00000000 0.00001408 0.00000000 0.00000000 0.00002347 0.00000000 0.00000000 0.00036615 0.00200445 0.00061495 0.00060087 0.00194342 0.00083558 0.00531860 0.03277534 0.04397116 0.02130726 0.00961854 0.01097049 0.01354295 0.01059026 0.02517533 0.04176016 0.03372828 0.01886155 0.02871950 0.04124849 0.05927445 0.15267620 0.18096852 0.13855116 0.02371072 0.01374480 0.01652850 0.03519289 0.01927464 0.00626684 0.00900829 0.00081211 
0.00000000 0.00000000 0.00000000 0.00000000 0.00000000 0.00000000 0.00000000 0.00000000 0.00044484 0.00120880 0.00071561 0.00522203 0.01021198 0.01219441 0.01529862 0.03745358 0.09189811 0.10486616 0.07486848 0.04817809 0.02919503 0.02849876 0.03785007 0.05070207 0.03969712 0.02231936 0.00756228 0.01440894 0.00890647 0.00830690 0.00836492 0.00286245 0.00351037 0.00465148 0.00511566 0.00655655 0.00792008 0.00523170 0.00768799 0.00621809 0.01018296 0.01494082 0.01640105 0.01909910 0.01850921 0.01560808 0.02356684 0.02541389 0.07134844 0.03371112 0.04309144 
0.00000000 0.00000000 0.00000000 0.00000000 0.00000000 0.00000757 0.00000000 0.00003786 0.00000000 0.00001514 0.00025745 0.00000000 0.00000000 0.00187028 0.00001893 0.00010979 0.00108279 0.00127209 0.00226402 0.00629231 0.02282571 0.01216059 0.01131631 0.01958869 0.02420002 0.02610059 0.02173534 0.01584056 0.01046446 0.02159148 0.02516166 0.02721367 0.02962534 0.03718217 0.05555934 0.09219633 0.11749428 0.12352914 0.11341678 0.05890237 0.02125831 0.01090743 0.00886678 0.00841246 0.02198522 0.01634789 0.01468962 0.00358911 0.00400936 0.01057804 0.00002272 
0.00000000 0.00000000 0.00000000 0.00001015 0.00000000 0.00001141 0.00001141 0.00004059 0.00000000 0.00000380 0.00000000 0.00000000 0.00000000 0.00001268 0.00000000 0.00000000 0.00000000 0.00000000 0.00000888 0.00005200 0.00032089 0.00011161 0.00002790 0.00009259 0.00001522 0.00008498 0.00006595 0.00055680 0.00117701 0.00042869 0.00027396 0.00095251 0.00399904 0.01179671 0.02519025 0.03208234 0.03527345 0.03807265 0.05244660 0.08337984 0.14506240 0.20290066 0.17827989 0.06237887 0.02695069 0.02135990 0.02017655 0.02462204 0.02309751 0.00743367 0.00123789 
0.08957357 0.12558603 0.13676064 0.11338385 0.09825959 0.07658468 0.05701304 0.03198253 0.00348404 0.01003468 0.00883052 0.01319761 0.01610365 0.01176867 0.00433498 0.01788581 0.05360927 0.02464517 0.01061268 0.02153041 0.04906557 0.00672725 0.00613320 0.00417443 0.00049772 0.00271338 0.00210327 0.00276154 0.00044955 0.00009633 0.00000000 0.00000000 0.00000000 0.00000000 0.00000000 0.00000000 0.00009633 0.00000000 0.00000000 0.00000000 0.00000000 0.00000000 0.00000000 0.00000000 0.00000000 0.00000000 0.00000000 0.00000000 0.00000000 0.00000000 0.00000000 
0.00000000 0.00013787 0.00665120 0.03996772 0.13188070 0.14787653 0.02535055 0.04108074 0.31439524 0.08928007 0.00836948 0.00339285 0.01652376 0.02345741 0.00006389 0.00159387 0.00681260 0.00159387 0.00030263 0.00104913 0.00460675 0.00410908 0.00103568 0.00062208 0.00073641 0.00128115 0.00203773 0.00324490 0.00570295 0.00749185 0.00448569 0.00540032 0.01047782 0.01440533 0.01392784 0.01957026 0.00849726 0.00611991 0.00947241 0.00420323 0.00464037 0.00534651 0.00163758 0.00052793 0.00035307 0.00001345 0.00026228 0.00001009 0.00000000 0.00000000 0.00000000 
0.00000000 0.00000000 0.00000000 0.00000000 0.00000000 0.00000000 0.00000000 0.00000000 0.00000360 0.00032017 0.00016728 0.00252358 0.00933167 0.01117534 0.05059393 0.15224586 0.23988589 0.14565721 0.01174553 0.00256675 0.00762291 0.02679708 0.07373065 0.09477009 0.01744563 0.00170337 0.00135622 0.00545907 0.01111959 0.01668657 0.01650310 0.00503817 0.00656887 0.00932988 0.00713186 0.00971480 0.01187504 0.00557058 0.00444460 0.00547345 0.00672355 0.01026700 0.01180129 0.00270705 0.00127348 0.00085978 0.00170697 0.00000180 0.00010073 0.00000000 0.00000000 
0.00000000 0.00000000 0.00000000 0.00001051 0.00005257 0.00018925 0.00001051 0.00002103 0.00006308 0.00012617 0.00034345 0.00010163 0.00015420 0.00031892 0.00062733 0.00139133 0.00758399 0.01293554 0.01447757 0.01832213 0.02472156 0.02949134 0.03480434 0.02409073 0.01985365 0.02276598 0.02647036 0.03193406 0.05387646 0.07719266 0.10584990 0.11967561 0.08324864 0.06065438 0.04521655 0.02744464 0.01474041 0.01068207 0.01467733 0.01160028 0.00639592 0.00189249 0.00413545 0.01035964 0.02472506 0.02335826 0.01767728 0.00971129 0.00331887 0.00260042 0.00010514 
0.00000000 0.00030511 0.01304348 0.03318925 0.09316044 0.10115264 0.05549623 0.10391559 0.21780659 0.06709891 0.00942453 0.00262734 0.00823799 0.00298330 0.00075430 0.00379693 0.00651750 0.00304263 0.00348335 0.00707687 0.01034833 0.01230613 0.00439020 0.00428850 0.00533944 0.00940758 0.01291635 0.00485634 0.00237308 0.00545809 0.00250021 0.00300025 0.00161031 0.00465294 0.00355115 0.00554284 0.00364438 0.00619544 0.01401814 0.00571235 0.00537334 0.01058564 0.00461904 0.01566234 0.01901856 0.02599373 0.03399441 0.00882278 0.01138232 0.00932282 0.00000000 
0.00022673 0.00002429 0.00000000 0.00000000 0.00001620 0.00000000 0.00002429 0.00000000 0.00000000 0.00000000 0.00000000 0.00000810 0.00003239 0.00003509 0.00025912 0.00035629 0.00187862 0.00160601 0.00403796 0.00747131 0.01589812 0.01676456 0.02177962 0.05133285 0.09769653 0.17225035 0.13437287 0.08043262 0.04751352 0.04791300 0.02773669 0.01423273 0.02144492 0.02415759 0.03859276 0.01577126 0.00679382 0.01190065 0.00904223 0.00372756 0.00146835 0.00240496 0.00542534 0.00909621 0.01937466 0.02620896 0.02948036 0.01964457 0.01074270 0.00069369 0.00012956 
0.00000000 0.00000000 0.00000000 0.00000000 0.00000000 0.00000000 0.00000000 0.00001229 0.00003686 0.00000000 0.00000000 0.00001229 0.00008806 0.00001024 0.00000000 0.00001229 0.00011264 0.00078437 0.00073931 0.00096459 0.00479428 0.00587151 0.00714944 0.00726003 0.02155686 0.05917385 0.10775768 0.13243564 0.12127219 0.11226730 0.10141924 0.05419116 0.03166356 0.02045096 0.02400418 0.04180098 0.02658461 0.01283254 0.00529808 0.00459358 0.00269717 0.00322759 0.00283643 0.00552950 0.01490508 0.02047963 0.01394663 0.01300457 0.01619939 0.00200291 0.00002048 
0.00000813 0.00002925 0.00000000 0.00002925 0.00000000 0.00002600 0.00000000 0.00000000 0.00000000 0.00000975 0.00000000 0.00000000 0.00000000 0.00001950 0.00000000 0.00000000 0.00000000 0.00000000 0.00002925 0.00014465 0.00075573 0.00011702 0.00029904 0.00009751 0.00005363 0.00036405 0.00064522 0.00083700 0.00054933 0.00094264 0.00166749 0.00836345 0.01675454 0.03890160 0.04835396 0.07238630 0.11102624 0.13941908 0.13986927 0.12098080 0.08580586 0.06149723 0.02109391 0.01729249 0.03155067 0.01428581 0.02315958 0.01681630 0.01703570 0.00753621 0.00124655 
0.27681081 0.48351996 0.02692794 0.02521786 0.00160467 0.00982712 0.00071449 0.00935860 0.00033967 0.00415808 0.00771880 0.00063250 0.00336160 0.00769537 0.00105416 0.00318591 0.00438062 0.00009370 0.00187406 0.00230744 0.00203804 0.00005856 0.00089018 0.00026940 0.00015227 0.00236600 0.00880810 0.01773332 0.03099232 0.02159858 0.00140555 0.00227230 0.00702774 0.00801162 0.01630435 0.00019912 0.00380669 0.00130013 0.00275253 0.00070277 0.00000000 0.00000000 0.00000000 0.00028111 0.00024597 0.00000000 0.00000000 0.00000000 0.00000000 0.00000000 0.00000000 
0.00000000 0.00000000 0.00000000 0.00000000 0.00000000 0.00000000 0.00000000 0.00000000 0.00000000 0.00000000 0.00000000 0.00000000 0.00000000 0.00009051 0.00000000 0.00001646 0.00000000 0.00000000 0.00000000 0.00009051 0.00001646 0.00032913 0.00000000 0.00001646 0.00025508 0.00328309 0.00349702 0.00149755 0.00548827 0.05249646 0.07384063 0.03800645 0.00682948 0.01128921 0.00150578 0.00072409 0.00255900 0.00298687 0.01589705 0.01110819 0.01372478 0.00205707 0.01184050 0.02377975 0.12774413 0.20602804 0.17633216 0.07212092 0.04030214 0.08125432 0.01299246 
0.00000000 0.00000000 0.00000000 0.00000000 0.00000000 0.00000000 0.00000000 0.00000000 0.00000000 0.00000000 0.00000000 0.00000988 0.00058781 0.00173380 0.00024945 0.00234137 0.01038302 0.00923209 0.00708090 0.02874594 0.10318801 0.17441688 0.24330192 0.10791767 0.01032374 0.00230679 0.00159055 0.00481857 0.01941999 0.03429063 0.06296494 0.02397429 0.00289213 0.00257847 0.00875542 0.01400620 0.02220839 0.02781235 0.00717228 0.00587070 0.01053861 0.01219584 0.02845450 0.00492477 0.00039270 0.00262045 0.00024451 0.00041987 0.00003458 0.00000000 0.00000000 
0.00000000 0.00000000 0.00000000 0.00000000 0.00000000 0.00000000 0.00000000 0.00000000 0.00006424 0.00200208 0.00096357 0.00265516 0.00490348 0.01459803 0.00945366 0.01291714 0.06453754 0.12388788 0.17361862 0.10533388 0.01536353 0.00868280 0.02059356 0.06642185 0.04754130 0.08340203 0.00733916 0.00377397 0.00337248 0.00433605 0.00971061 0.00250527 0.00410586 0.01260666 0.01027804 0.01081871 0.00991403 0.00925024 0.01114525 0.01185187 0.00177724 0.00872028 0.00748370 0.01617721 0.01413231 0.00639701 0.01112919 0.01773498 0.00974808 0.03873537 0.00001606 
0.00000000 0.00000000 0.00000000 0.00000000 0.00000000 0.00002293 0.00003931 0.00046191 0.00386561 0.01787025 0.01654677 0.02611251 0.02990932 0.04221702 0.12371911 0.15251133 0.14392837 0.06269164 0.02379642 0.00858951 0.02745564 0.05622166 0.11030086 0.03787641 0.01403412 0.00275834 0.00426527 0.00940194 0.01074836 0.00741345 0.00551996 0.00315801 0.00397699 0.00238488 0.00247989 0.00353146 0.00539547 0.00673205 0.00361336 0.00295162 0.00609325 0.00537582 0.01089250 0.00166418 0.00111382 0.00038328 0.00120882 0.00075347 0.00001310 0.00000000 0.00000000 
0.14122682 0.15716678 0.15567822 0.05262668 0.05684426 0.03319792 0.00203126 0.00141103 0.00074428 0.00131799 0.00038764 0.00153507 0.00093035 0.00068226 0.00210879 0.00476028 0.00119395 0.00057371 0.00536501 0.00804751 0.00578366 0.00172114 0.00269801 0.00944303 0.00894685 0.00538051 0.00387645 0.00607827 0.00803200 0.00823358 0.00393847 0.00714817 0.01166036 0.01781616 0.01500961 0.03321342 0.01299386 0.05485952 0.00280655 0.03374062 0.00200025 0.01942877 0.00139552 0.01251318 0.01981641 0.00547355 0.01200149 0.04250140 0.00141103 0.00079080 0.00145755 
0.00028034 0.00035680 0.00005097 0.00030583 0.00012318 0.00051396 0.00040777 0.00189442 0.00161833 0.00624395 0.00691931 0.04778106 0.05456021 0.01583499 0.01152369 0.04020762 0.05139151 0.02057529 0.02534108 0.09637341 0.15245001 0.07789218 0.01891874 0.01699883 0.03215845 0.03694123 0.05236845 0.09231272 0.03010262 0.00598060 0.00247209 0.00062864 0.00068386 0.00125304 0.00025061 0.00136347 0.00185619 0.00039927 0.00019114 0.00045449 0.00025910 0.00442173 0.00882648 0.01880405 0.01989993 0.02121243 0.01710502 0.00018265 0.00130826 0.00000000 0.00000000 
0.00000000 0.00000000 0.00018474 0.00031264 0.00884629 0.01731243 0.04448013 0.04319760 0.04908802 0.11861131 0.14351237 0.09309563 0.02050278 0.01561778 0.02780363 0.10014069 0.14492280 0.02810562 0.00489566 0.00811798 0.00904524 0.01326943 0.01562134 0.00401103 0.00160228 0.00623503 0.00751046 0.00543212 0.00260415 0.00238033 0.00363089 0.00383339 0.00256507 0.00260415 0.00497737 0.00547830 0.00578384 0.00357760 0.00385471 0.00734704 0.00915537 0.00717651 0.00246914 0.00002132 0.00106582 0.00000000 0.00000000 0.00000000 0.00000000 0.00000000 0.00000000 
0.00000000 0.00007912 0.00001758 0.00052304 0.00005274 0.00123947 0.00006593 0.00147682 0.00052744 0.00090543 0.00089664 0.00088345 0.00261960 0.00424586 0.00377995 0.01169149 0.03042423 0.02376097 0.02032824 0.02990998 0.03207686 0.03280209 0.02413457 0.01209146 0.02407743 0.03871376 0.05247543 0.05788164 0.07798133 0.07889115 0.10728037 0.06715572 0.04768456 0.05348635 0.03132087 0.01671091 0.00749837 0.01083880 0.00844336 0.00447441 0.00177130 0.00170098 0.00585893 0.01101901 0.02480265 0.01535716 0.01087396 0.00198228 0.00380633 0.00337559 0.00000440 
0.00003225 0.00000000 0.00000000 0.00000000 0.00000000 0.00000000 0.00000000 0.00000000 0.00000000 0.00000000 0.00016123 0.00117160 0.00200462 0.00201000 0.00276778 0.01171602 0.01277476 0.00662654 0.02298060 0.08519374 0.17466545 0.13887784 0.05409255 0.02102435 0.01711184 0.02310421 0.03198259 0.05928951 0.04912667 0.02095985 0.01419358 0.00205299 0.00330521 0.01119471 0.00811523 0.02421669 0.01297899 0.02365239 0.00824958 0.01248455 0.00680389 0.01140431 0.00730908 0.01473102 0.01876176 0.02808620 0.04009781 0.00936207 0.00462729 0.00042457 0.00027409 
0.00000000 0.00000000 0.00000000 0.00000000 0.00014864 0.00146786 0.00706986 0.01118543 0.02758268 0.04862505 0.12232441 0.13524712 0.04464883 0.00533259 0.02125604 0.10590858 0.11997399 0.03027685 0.01479004 0.00299145 0.00705128 0.00810108 0.00994983 0.00665180 0.00454292 0.00273133 0.00667038 0.01053512 0.00329803 0.00226682 0.00401338 0.00409699 0.00261055 0.00185805 0.00468227 0.00457079 0.00563917 0.00363248 0.00546265 0.00812895 0.01150130 0.01143627 0.00519324 0.00832404 0.02914344 0.02575251 0.05408770 0.02796358 0.00340951 0.01458566 0.00327945 
0.00000000 0.00000000 0.00000000 0.00000000 0.00000000 0.00050556 0.00153843 0.00161997 0.00504474 0.01252487 0.01329680 0.08317840 0.17029801 0.12293834 0.03859661 0.00333779 0.04236385 0.12743403 0.04420127 0.07860117 0.00967633 0.00360960 0.00739859 0.00735510 0.00464246 0.00143514 0.00470770 0.00640921 0.00395751 0.00343564 0.00427281 0.00356611 0.00698001 0.00832817 0.00955130 0.00777912 0.00390315 0.00626787 0.01131805 0.00545789 0.00532198 0.00547963 0.00756711 0.00831730 0.01020907 0.00989378 0.03381824 0.01467215 0.00624069 0.03294845 0.00000000 
0.00000000 0.00000000 0.00000000 0.00000000 0.00000000 0.00000000 0.00000000 0.00016553 0.00060693 0.00121386 0.00354043 0.00961892 0.01380306 0.01736188 0.04794747 0.11952843 0.14207680 0.08870374 0.01609284 0.01241448 0.03586405 0.05689509 0.06261495 0.04901420 0.01605606 0.00460715 0.00480946 0.00865335 0.01075002 0.00804642 0.00675899 0.00355882 0.00291510 0.00378871 0.00456117 0.00722798 0.00629920 0.00808320 0.00332892 0.01113625 0.01638711 0.02032296 0.01373869 0.01979879 0.01646987 0.02536232 0.05015449 0.01662620 0.02004708 0.01221217 0.00083683 
0.05678033 0.09881224 0.10627776 0.08802302 0.03702080 0.06379295 0.05480072 0.10335583 0.00932094 0.10394022 0.02978173 0.00493806 0.03076788 0.02921926 0.00228641 0.00717333 0.02477063 0.01869302 0.00158514 0.00083275 0.00496727 0.00232293 0.00207457 0.00216223 0.00086197 0.00731212 0.00805721 0.02184870 0.02612932 0.03634876 0.01178997 0.00025567 0.00035794 0.00084005 0.00039446 0.00100806 0.00005844 0.00007305 0.00000000 0.00000000 0.00000000 0.00096424 0.00000000 0.00000000 0.00000000 0.00000000 0.00000000 0.00000000 0.00000000 0.00000000 0.00000000 
0.00866745 0.05535557 0.10353665 0.12624621 0.14708956 0.19529552 0.04681253 0.00557371 0.00209844 0.00255462 0.00080454 0.00194085 0.00421346 0.00050595 0.00165884 0.00811174 0.00433787 0.00310204 0.00306886 0.01118889 0.01712755 0.01067465 0.00408075 0.00211502 0.00719938 0.01057512 0.00671831 0.00422175 0.00340892 0.00627872 0.00320157 0.00426323 0.00277856 0.00759750 0.00337574 0.00899093 0.00452035 0.01595806 0.01551018 0.01485493 0.00519218 0.01290579 0.00162567 0.01230861 0.01889422 0.01966558 0.03011628 0.00573959 0.00507606 0.00286150 0.00000000 
0.00175329 0.00355885 0.02414789 0.06190384 0.11725699 0.07165951 0.04340990 0.16005565 0.22489504 0.05785842 0.00338995 0.00240474 0.00315270 0.00344625 0.00021313 0.00105358 0.00251331 0.00180154 0.00059113 0.00193424 0.00591533 0.00731072 0.00553733 0.00217150 0.00600782 0.00715791 0.00901173 0.00824366 0.00554537 0.00885490 0.00468883 0.01022214 0.00673165 0.00630941 0.00552526 0.00587511 0.00748363 0.00430279 0.00337387 0.00270633 0.00424649 0.00156831 0.00063536 0.00526388 0.01073284 0.01184674 0.02603388 0.00798227 0.00569013 0.01602487 0.00000000 
0.00000000 0.00000000 0.00000000 0.00000000 0.00000000 0.00000000 0.00000000 0.00000000 0.00000000 0.00024394 0.00089038 0.00000000 0.00037811 0.00204503 0.00036998 0.00124816 0.00252478 0.00515120 0.01126597 0.01806783 0.02475586 0.02637399 0.03132598 0.02730503 0.01936478 0.02201153 0.01488848 0.00985925 0.02073898 0.03817663 0.03771314 0.04199836 0.05697628 0.11326953 0.12902806 0.12314504 0.05183321 0.02776852 0.02646344 0.01894195 0.01038372 0.00794838 0.00332572 0.01227832 0.02572755 0.01614477 0.01092445 0.00217513 0.00470804 0.00216294 0.00009758 
0.00015017 0.00002145 0.00000000 0.00004291 0.00001430 0.00030749 0.00002145 0.00050772 0.00010011 0.00012157 0.00077946 0.00017162 0.00013587 0.00155892 0.00119422 0.00112986 0.00609268 0.00941076 0.01151316 0.01924342 0.03116419 0.01844966 0.04366419 0.07198227 0.09051058 0.06959382 0.09685355 0.08982408 0.11312929 0.09859125 0.05420481 0.06270023 0.01666190 0.01536756 0.00378289 0.00298913 0.00535612 0.00972540 0.00690074 0.00793764 0.00316791 0.00060784 0.00050772 0.00104405 0.00455521 0.00423341 0.00279605 0.00699371 0.00916047 0.00502717 0.00000000 
0.00000000 0.00000000 0.00000000 0.00000000 0.00000000 0.00000000 0.00000000 0.00000000 0.00000000 0.00000000 0.00000000 0.00000000 0.00000000 0.00160183 0.00000000 0.00025230 0.00000000 0.00000000 0.00000000 0.00334448 0.00167224 0.00224726 0.00042833 0.00194801 0.00484070 0.00774512 0.00186587 0.00720530 0.03513466 0.05125858 0.04584874 0.01875843 0.01823036 0.01444581 0.01096051 0.01913982 0.03308690 0.05771284 0.04001056 0.01823036 0.00633105 0.02230241 0.05666843 0.13027636 0.20647187 0.07481077 0.02268967 0.00139647 0.00528663 0.07710497 0.00069237 
0.00000000 0.00020692 0.01026148 0.02004578 0.06096078 0.08648779 0.16102497 0.09494189 0.02398145 0.01803149 0.07038191 0.22008969 0.06705432 0.00787980 0.02023158 0.00350073 0.00500828 0.00394835 0.00130485 0.00327269 0.01106382 0.01492348 0.00874548 0.00119506 0.00352184 0.00741951 0.00756731 0.00317557 0.00127107 0.00335715 0.00380899 0.00346694 0.00274906 0.00578105 0.00500828 0.00979274 0.00631735 0.00393568 0.00408770 0.00527854 0.00678187 0.00185805 0.00026604 0.00001267 0.00000000 0.00000000 0.00000000 0.00000000 0.00000000 0.00000000 0.00000000 
0.00000000 0.00000000 0.00000000 0.00000000 0.00010438 0.00098577 0.00095098 0.00485927 0.01144073 0.01670011 0.03933803 0.09874517 0.12076264 0.07824695 0.03754045 0.01267584 0.06076403 0.09238406 0.03886254 0.04128637 0.00895311 0.00459253 0.00629733 0.00545073 0.00365895 0.00157723 0.00341540 0.00387930 0.00343860 0.00352558 0.00298630 0.00506222 0.00927784 0.01000267 0.00814710 0.00764262 0.00915027 0.00993308 0.00850082 0.00585084 0.01207858 0.01268164 0.00986350 0.00849502 0.01169587 0.00881394 0.01106382 0.05196168 0.02080555 0.06742668 0.00812391 
0.00000000 0.00000000 0.00000000 0.00007945 0.00248577 0.00859236 0.06593815 0.15112966 0.19606079 0.05713864 0.01410873 0.07687440 0.24894014 0.01649518 0.00258792 0.00282912 0.00977282 0.00995159 0.00548799 0.00264751 0.00524111 0.00446644 0.00487506 0.00425078 0.00101304 0.00561852 0.00967918 0.01698325 0.01535161 0.01433006 0.01286584 0.00821496 0.00589093 0.00508221 0.00415714 0.00621442 0.00407768 0.00030363 0.00012202 0.00007945 0.00001703 0.00004540 0.00000000 0.00000000 0.00000000 0.00000000 0.00000000 0.00000000 0.00000000 0.00000000 0.00000000 
0.00000000 0.00000000 0.00000000 0.00000000 0.00001326 0.00002210 0.00021439 0.00118244 0.00693327 0.02025611 0.03389501 0.14542630 0.20687757 0.09854439 0.01854987 0.00508116 0.04874949 0.13473133 0.06938354 0.03191029 0.00402912 0.00489550 0.01205642 0.01425553 0.00667689 0.00127305 0.00382579 0.00294835 0.00248201 0.00196262 0.00249085 0.00206871 0.00289310 0.00590334 0.00814444 0.01053583 0.01139779 0.00593207 0.00874560 0.00742172 0.00625475 0.01133149 0.01158345 0.00949043 0.00742172 0.00154932 0.01052920 0.00011935 0.00000000 0.00001105 0.00000000 
0.11910272 0.09468011 0.44129683 0.17511260 0.00737712 0.01457120 0.00414125 0.00577880 0.00024841 0.00429161 0.00084655 0.00146104 0.00184019 0.00016996 0.00050663 0.00151007 0.00078445 0.00020592 0.00145777 0.00715486 0.01546024 0.01490786 0.00412491 0.00264426 0.00698816 0.01465618 0.01701934 0.01134187 0.00775300 0.00574611 0.00498454 0.00603374 0.00275212 0.00135318 0.00085636 0.00019284 0.00016016 0.00012747 0.00032359 0.00003595 0.00000000 0.00000000 0.00000000 0.00000000 0.00000000 0.00000000 0.00000000 0.00000000 0.00000000 0.00000000 0.00000000 
0.01106399 0.06840893 0.12257700 0.06667743 0.19055305 0.22394312 0.07532759 0.01758646 0.00154074 0.00117390 0.00075570 0.00107852 0.00253122 0.00052092 0.00106385 0.00482766 0.00793849 0.00459288 0.00181221 0.00930314 0.02163641 0.01276614 0.00504776 0.00596487 0.00779909 0.00753496 0.00429207 0.00381517 0.00440212 0.00641976 0.00279535 0.00369778 0.00129863 0.00325757 0.00261926 0.00402060 0.00729284 0.00997814 0.01686745 0.00351436 0.00038152 0.00191492 0.00063097 0.00791648 0.01205447 0.00689665 0.01735902 0.00151873 0.00161411 0.00141601 0.00000000 
0.00000000 0.00000000 0.00000000 0.00000000 0.00000000 0.00000000 0.00000000 0.00000766 0.00000000 0.00000000 0.00011867 0.00000000 0.00000000 0.00014546 0.00000000 0.00000000 0.00001531 0.00000000 0.00001914 0.00117519 0.00426055 0.00000000 0.00000000 0.00036749 0.00005359 0.00000000 0.00004594 0.00013015 0.00041725 0.00118668 0.00689037 0.01351279 0.02311338 0.00898045 0.01420948 0.02032660 0.02907738 0.04668994 0.05606851 0.05027294 0.01847003 0.01730632 0.03688647 0.08270746 0.14783298 0.19017433 0.10821333 0.03614001 0.00657265 0.07477204 0.00383947 
0.00000000 0.00000000 0.00005673 0.00002063 0.00875239 0.02507092 0.02918665 0.04103358 0.06436124 0.07820414 0.07435144 0.11610707 0.07632163 0.01392542 0.04073959 0.05919336 0.11966063 0.06817783 0.02721646 0.00131002 0.00453350 0.00842746 0.00543091 0.00108825 0.00079942 0.00156274 0.00207334 0.00079426 0.00104183 0.00344009 0.00104699 0.00152148 0.00136160 0.00184125 0.00478106 0.00596214 0.01253804 0.01245552 0.01445149 0.00773635 0.01669503 0.01852597 0.01789159 0.00203724 0.00509567 0.00051576 0.00236732 0.00029398 0.00000000 0.00000000 0.00000000 
0.00000000 0.00000000 0.00025933 0.00257847 0.01117335 0.02269494 0.08518568 0.09844107 0.08236270 0.03803977 0.06811446 0.14397914 0.12236596 0.00961738 0.00360837 0.00318603 0.00455677 0.00329718 0.00325272 0.00429744 0.00920986 0.00819478 0.01043241 0.00677218 0.00170416 0.00571263 0.01249222 0.00986930 0.00497170 0.00490501 0.00616461 0.00563854 0.00223022 0.00682404 0.00392697 0.00797250 0.00322308 0.00663140 0.00457900 0.00855043 0.00432708 0.00812068 0.00432708 0.01190688 0.02641445 0.02518449 0.05440710 0.01226253 0.00401589 0.01187724 0.00014078 
0.00000000 0.00000000 0.00000000 0.00000000 0.00000000 0.00000000 0.00000000 0.00000000 0.00000000 0.00000000 0.00000000 0.00000000 0.00015774 0.00082960 0.00000000 0.00025414 0.00526097 0.01364465 0.01057745 0.01713249 0.07799738 0.16558487 0.18455768 0.08589323 0.02360574 0.02733019 0.04237407 0.04294661 0.03591835 0.09279004 0.04949289 0.01041679 0.00059883 0.00080916 0.00054917 0.00029211 0.00055210 0.00095521 0.00028335 0.00048783 0.00040604 0.00205940 0.00310225 0.00718016 0.01538857 0.01918897 0.01689004 0.01611593 0.02443826 0.00393770 0.00000000 
0.00407568 0.02326751 0.12054867 0.10892781 0.09104510 0.02140379 0.03196058 0.27640489 0.14438368 0.02867811 0.00392091 0.00755807 0.00417242 0.00001290 0.00030310 0.00110921 0.00076742 0.00016122 0.00013543 0.00134136 0.00419821 0.00520424 0.00129622 0.00090929 0.00270208 0.00508816 0.00518489 0.00332117 0.00226355 0.00214747 0.00535256 0.00296003 0.00531387 0.00490759 0.00746779 0.01287839 0.01497427 0.00737750 0.00711310 0.01054390 0.01154992 0.00520424 0.00037403 0.00029020 0.00118014 0.00000000 0.00001935 0.00000000 0.00000000 0.00000000 0.00000000 
0.01923131 0.01421567 0.00493111 0.01787878 0.00140889 0.01418749 0.00049311 0.01370847 0.00138071 0.00281777 0.00979177 0.00009862 0.00287413 0.01025670 0.00477613 0.01024261 0.01865367 0.00280369 0.00450844 0.01349714 0.01051030 0.00529742 0.03157316 0.07720702 0.17315224 0.21405224 0.09100003 0.03299614 0.00577644 0.02142918 0.02047113 0.04598608 0.02047113 0.02262673 0.00370537 0.00043676 0.00800248 0.00167658 0.00154978 0.00000000 0.00000000 0.00000000 0.00000000 0.00019724 0.00643861 0.00040858 0.00012680 0.00005636 0.03696920 0.00012680 0.00000000 
0.22950639 0.20735362 0.18348194 0.05784539 0.00142936 0.00557036 0.00031253 0.00153047 0.00000919 0.00076294 0.00091001 0.00006894 0.00045041 0.00110304 0.00087324 0.00128688 0.00119037 0.00048718 0.00262892 0.00469712 0.00915066 0.00574961 0.00381469 0.00583234 0.01059840 0.01156816 0.00713760 0.00828201 0.00872782 0.01048810 0.00838312 0.00466495 0.00637467 0.00444434 0.00487637 0.00409505 0.00076753 0.00187517 0.00216013 0.00236235 0.00060667 0.00031253 0.00008732 0.00113521 0.00532678 0.00599779 0.02796213 0.03478720 0.04926004 0.05167295 0.00000000 
0.00000000 0.00087616 0.02520863 0.06838943 0.15156817 0.11495860 0.02565212 0.08206461 0.35547629 0.02239896 0.01295316 0.00170095 0.00600875 0.00175233 0.00031639 0.00169283 0.00187402 0.00041915 0.00069769 0.00277452 0.00682001 0.00968918 0.00696334 0.00138185 0.00470262 0.00970811 0.01548971 0.01408081 0.00931059 0.00715534 0.00990281 0.00938901 0.00661179 0.00366420 0.00235266 0.00370206 0.00109520 0.00011087 0.00069228 0.00015144 0.00024338 0.00000000 0.00000000 0.00000000 0.00000000 0.00000000 0.00000000 0.00000000 0.00000000 0.00000000 0.00000000 
0.00000000 0.00000000 0.00002423 0.00006057 0.00210183 0.00568161 0.01078174 0.01812907 0.02123033 0.03533139 0.13685537 0.17318013 0.04409003 0.00808025 0.02252050 0.11305075 0.11444389 0.05831223 0.01005488 0.00129017 0.00407647 0.00849213 0.01055762 0.00387052 0.00274995 0.00603898 0.00875259 0.00619647 0.00628127 0.00636001 0.00985499 0.00424001 0.00264092 0.00509407 0.00901910 0.00331932 0.00651144 0.00596630 0.00431269 0.00396744 0.00714139 0.00948551 0.00415521 0.00509407 0.02175730 0.01426460 0.03977128 0.00362824 0.00000000 0.00118115 0.00000000 
0.00151223 0.00362082 0.01919746 0.03181353 0.08818476 0.09258654 0.03072019 0.06692131 0.20368898 0.09492943 0.01444069 0.00900946 0.00590691 0.00845568 0.00025559 0.00045438 0.00309545 0.00195950 0.00029109 0.00095845 0.00405390 0.00406100 0.00254167 0.00090166 0.00195240 0.00518275 0.00594951 0.00626189 0.00666657 0.01019510 0.00867577 0.01148014 0.00646778 0.00702155 0.00788771 0.00802261 0.00881777 0.00498395 0.00355692 0.00788771 0.00939284 0.01001761 0.00348593 0.01031579 0.00411070 0.00996081 0.01150143 0.05937438 0.03041490 0.05062051 0.00023429 
0.00015214 0.00015214 0.00000000 0.00027047 0.00382041 0.00620394 0.02150247 0.05253905 0.05358713 0.05429711 0.08810602 0.10643046 0.07120157 0.01685374 0.02393671 0.05727230 0.09256880 0.01227264 0.00273852 0.00451349 0.01135979 0.01163027 0.00682940 0.00272162 0.00236662 0.00518967 0.00579823 0.00672797 0.00397255 0.00251876 0.00353303 0.00808033 0.02322672 0.03526270 0.02633714 0.03918453 0.01800325 0.04352897 0.00546014 0.02697951 0.01419974 0.00899317 0.00216377 0.00398945 0.01066671 0.00162283 0.00005071 0.00035499 0.00000000 0.00035499 0.00047332 
0.00000000 0.00000000 0.00000000 0.00361902 0.00441954 0.01468454 0.01736962 0.10272510 0.10732810 0.11666750 0.00689615 0.02802655 0.16676673 0.11943597 0.06530078 0.00284351 0.00598723 0.00712963 0.00517837 0.00036691 0.00153433 0.00137589 0.00200130 0.00025850 0.00089225 0.00202632 0.00336052 0.00063375 0.00161772 0.00269342 0.00447791 0.01044012 0.00747986 0.01277497 0.00866396 0.00993979 0.01044846 0.00938110 0.01703607 0.00565367 0.00907256 0.00802188 0.00795517 0.00502827 0.00305198 0.00968129 0.01019830 0.01424259 0.01119061 0.03412218 0.00000000 
0.00000000 0.00000000 0.00000000 0.00000000 0.00000000 0.00000000 0.00030987 0.00117169 0.00667183 0.00390239 0.00489009 0.02204900 0.02567057 0.02840128 0.08986153 0.12248475 0.09287305 0.03841387 0.00637165 0.01091314 0.03445337 0.06892612 0.07136632 0.04414641 0.00463833 0.00184952 0.00301152 0.00543236 0.00488041 0.00430909 0.00296311 0.00246926 0.00452213 0.00377651 0.00404764 0.00506439 0.00599400 0.00841483 0.00586811 0.00454149 0.01246248 0.01661664 0.01498983 0.00432846 0.00698170 0.00354411 0.00839547 0.00947032 0.04456280 0.05705432 0.07693425 
0.00000000 0.00000000 0.00004738 0.00000000 0.00435098 0.00411409 0.04016962 0.12513622 0.16979895 0.04617887 0.01504288 0.10806393 0.23814337 0.01017862 0.00517222 0.00115289 0.00554336 0.00407461 0.00450102 0.00213996 0.00743853 0.00640408 0.01031286 0.00518802 0.00477740 0.01449802 0.01005227 0.01445064 0.01237385 0.00874935 0.00502219 0.00544071 0.00270851 0.00338761 0.00311123 0.00346657 0.00319809 0.00255847 0.00366399 0.00184779 0.00090810 0.00194254 0.00075807 0.00504588 0.01983607 0.01198692 0.03512374 0.00495902 0.00145296 0.00552757 0.00000000 
0.00011454 0.00026344 0.00011454 0.00038943 0.00025198 0.00014890 0.00009163 0.00027489 0.00020617 0.00012217 0.00051923 0.00052687 0.00177914 0.00615446 0.01088484 0.02873353 0.03025687 0.02327774 0.03030650 0.02531269 0.03144042 0.03101663 0.02267070 0.02816466 0.05830699 0.10530917 0.11242956 0.09980758 0.06861151 0.05413402 0.02830592 0.01232419 0.02436585 0.03422367 0.01318703 0.00292069 0.00684168 0.00596356 0.00392098 0.00268780 0.00051923 0.00206548 0.00472656 0.01071685 0.02357554 0.02212474 0.01791741 0.00801377 0.00237473 0.00160352 0.00000000 
0.00000000 0.00029488 0.01213918 0.00891190 0.03931719 0.05270961 0.14659579 0.09946430 0.00847777 0.01204908 0.15981619 0.20010812 0.03002031 0.00334196 0.00144163 0.00296517 0.00576652 0.00540611 0.00128600 0.00258838 0.00671669 0.01126274 0.00394810 0.00238360 0.00408735 0.00687232 0.00343206 0.00348940 0.00530782 0.01233577 0.00199862 0.00579929 0.00339111 0.00617608 0.00552079 0.00482455 0.01109892 0.00313718 0.00967367 0.00610236 0.00847777 0.00566823 0.00114675 0.00600406 0.02064153 0.01233577 0.03262508 0.00250647 0.00001638 0.00031945 0.00000000 
0.16686908 0.16222371 0.12284430 0.04616529 0.04296211 0.03257833 0.00296029 0.00141183 0.00012145 0.00042507 0.00066796 0.00126002 0.00074387 0.00074387 0.00078941 0.00324872 0.00408368 0.00031880 0.00276293 0.00441766 0.01420938 0.00698324 0.00259594 0.00271739 0.00809145 0.01042932 0.00897195 0.00540442 0.00924520 0.00824326 0.00695288 0.00598130 0.00540442 0.00532852 0.00472128 0.00388632 0.00145737 0.00252004 0.00563214 0.00916930 0.00109303 0.00452393 0.00012145 0.00244413 0.00532852 0.00795482 0.01815642 0.07458404 0.11792567 0.03808902 0.00423549 
0.09745878 0.09501007 0.40937721 0.16787969 0.00674076 0.03594167 0.00056456 0.00425804 0.00011563 0.00333977 0.00505387 0.00147603 0.00407439 0.00649589 0.00073461 0.00482260 0.01194428 0.00114273 0.00217663 0.00493824 0.00861811 0.00087746 0.00074142 0.00097949 0.00063939 0.00168689 0.00223785 0.00754340 0.00991729 0.01573978 0.00332617 0.00312211 0.00934592 0.01204631 0.01680769 0.01182864 0.00620341 0.00395195 0.01169260 0.00300648 0.00201339 0.00049654 0.00004081 0.00095908 0.00159166 0.00000000 0.00104070 0.00000000 0.00000000 0.00000000 0.00000000 
0.00016502 0.00049507 0.00023103 0.00039606 0.00022553 0.00099564 0.00017052 0.00102315 0.00111666 0.00212881 0.00333348 0.00529726 0.01770155 0.02864262 0.02353239 0.03290024 0.04024380 0.03480351 0.02986930 0.02776800 0.03387388 0.04484246 0.03386288 0.05090433 0.06959602 0.08436015 0.09359598 0.06746722 0.06152086 0.03895111 0.01873570 0.01611732 0.02313083 0.00731605 0.00181526 0.00327847 0.00727755 0.00429062 0.00289342 0.00076461 0.00062159 0.00381205 0.00856473 0.01603481 0.02386794 0.01401602 0.01148015 0.00360852 0.00137520 0.00098464 0.00000000 
0.01083575 0.04047510 0.09841455 0.07158221 0.08938476 0.22794973 0.09405184 0.03222315 0.00579665 0.00398393 0.00242147 0.00051406 0.00151511 0.00209680 0.00006764 0.00112957 0.00259733 0.00125132 0.00114986 0.00305728 0.00686534 0.00681123 0.00405157 0.00202917 0.00479560 0.00696004 0.00897568 0.00652715 0.00737940 0.00799491 0.00897568 0.00731176 0.00370661 0.00674359 0.00491058 0.00987527 0.00365250 0.00263115 0.00539758 0.00644598 0.00787316 0.00426801 0.00049376 0.00685858 0.00642569 0.00957090 0.02349098 0.04778009 0.04460107 0.03603122 0.00006764 
0.00000000 0.00000000 0.00000000 0.00000000 0.00045003 0.00018146 0.00479785 0.01495246 0.05189809 0.02136895 0.01831313 0.04815272 0.04611309 0.04742687 0.12556435 0.10759236 0.06017275 0.01828410 0.01277491 0.03439791 0.08300065 0.07842056 0.05901865 0.00796255 0.00285258 0.00544386 0.00349133 0.00374537 0.00201786 0.00447122 0.00421717 0.00113232 0.00185817 0.00392683 0.00496480 0.00503738 0.01089497 0.01069173 0.01660739 0.00891341 0.01412499 0.01488713 0.01422661 0.00420992 0.00971910 0.00150250 0.00853597 0.00058794 0.00109603 0.00000000 0.00000000 
0.00000000 0.00000000 0.00000000 0.00000000 0.00000000 0.00000000 0.00000000 0.00000367 0.00000000 0.00000000 0.00000000 0.00000000 0.00001835 0.00002201 0.00000000 0.00000183 0.00003119 0.00009540 0.00010090 0.00027334 0.00175931 0.00408182 0.00861126 0.01056687 0.00667584 0.01246193 0.03368556 0.05801137 0.08197212 0.09403963 0.12585397 0.10338470 0.11533297 0.06836544 0.04299578 0.04150615 0.03168409 0.02791414 0.01478261 0.00998165 0.00525959 0.00668318 0.00343423 0.00679141 0.01480646 0.02094111 0.01956705 0.01213355 0.01312603 0.00299762 0.00004586 
0.01208388 0.01188840 0.00312759 0.00737472 0.00125578 0.00832247 0.00001777 0.00094183 0.00353039 0.00427082 0.00001185 0.00091814 0.00375548 0.00265371 0.00000000 0.00020732 0.00167634 0.00212653 0.00152233 0.00027248 0.00129132 0.00266556 0.00257671 0.00072266 0.00589385 0.02819571 0.09571733 0.16862339 0.21812581 0.16721360 0.01354105 0.01563203 0.03429096 0.03205189 0.03453382 0.00713778 0.03471745 0.01371875 0.00398057 0.00256486 0.00332307 0.00102476 0.00015401 0.00056273 0.04321763 0.00190143 0.00008885 0.00005923 0.00001777 0.00049757 0.00000000 
0.00010291 0.00010291 0.00005145 0.00002573 0.00002573 0.00007718 0.00001715 0.00018866 0.00017151 0.00112340 0.00819827 0.00708344 0.00685190 0.02664437 0.03753537 0.01763142 0.05169368 0.10313009 0.15477232 0.13340194 0.05898293 0.05382900 0.04630821 0.05952320 0.04784324 0.09013807 0.02873682 0.00186948 0.00640597 0.00813824 0.00709202 0.00283852 0.00421062 0.00020581 0.00081468 0.00187806 0.00162936 0.00339594 0.00077180 0.00030015 0.00056599 0.00012006 0.00010291 0.00000000 0.00103765 0.00246977 0.00606294 0.00701484 0.00708344 0.00180087 0.00000000 
0.00459731 0.01595044 0.04052084 0.04664592 0.09749671 0.09528215 0.05194405 0.07578561 0.13839599 0.02961624 0.02423401 0.01723993 0.01965072 0.00334987 0.00029434 0.00590082 0.00871808 0.00054663 0.00021024 0.00344799 0.01163345 0.00347602 0.00252292 0.00255095 0.00462535 0.00491969 0.00773694 0.01111485 0.00693802 0.00334987 0.00420486 0.00944692 0.02242592 0.03449387 0.02330895 0.02999467 0.01813697 0.03998823 0.00698007 0.02236986 0.01579626 0.00870406 0.00923668 0.00475149 0.00864800 0.00113531 0.00079892 0.00051860 0.00000000 0.00018221 0.00018221 
0.00000000 0.00002439 0.01000380 0.01612510 0.04513662 0.07505536 0.09452644 0.14657451 0.04901913 0.01166216 0.02837744 0.15357864 0.18243896 0.02671908 0.00503361 0.00742359 0.00724800 0.00721874 0.00010731 0.00042922 0.00122914 0.00089746 0.00023900 0.00026826 0.00078528 0.00199003 0.00289237 0.00333135 0.00492630 0.00482875 0.00377520 0.00496532 0.00448732 0.00378496 0.00454585 0.00858444 0.00988674 0.01175484 0.00764796 0.01017940 0.01590561 0.01651530 0.00549697 0.00159983 0.00258997 0.00000000 0.00019022 0.00000000 0.00000000 0.00000000 0.00000000 
0.00000000 0.00040674 0.00672190 0.02723011 0.09499497 0.24791814 0.08543660 0.08417357 0.05027508 0.09542312 0.01835677 0.00474172 0.02447927 0.02760474 0.00169118 0.00921585 0.04082375 0.03367371 0.01065014 0.01178473 0.02455419 0.00583349 0.00613320 0.00470961 0.00066363 0.00726778 0.00704301 0.01076788 0.01548819 0.01760752 0.01307987 0.00131655 0.00041744 0.00174470 0.00054589 0.00117740 0.00223706 0.00033181 0.00203370 0.00042815 0.00000000 0.00101685 0.00000000 0.00000000 0.00000000 0.00000000 0.00000000 0.00000000 0.00000000 0.00000000 0.00000000 
0.00000000 0.00000000 0.00000000 0.00017006 0.00087863 0.00401054 0.00759594 0.02461595 0.03527294 0.04329403 0.03520209 0.07318179 0.10227595 0.06183040 0.03100731 0.02847061 0.04282637 0.04439941 0.03239612 0.01900402 0.00454906 0.00350037 0.00497421 0.00447820 0.00211156 0.00236665 0.00617879 0.00476163 0.00266425 0.00242333 0.00333031 0.00427980 0.00566861 0.00690154 0.00537101 0.00534267 0.00700074 0.00838955 0.00636302 0.00632050 0.01177654 0.01387393 0.01293861 0.01313701 0.02263194 0.02331217 0.02661414 0.07244487 0.01961340 0.08871379 0.01153563 
0.00000000 0.00000000 0.00000000 0.00000000 0.00000000 0.00000000 0.00000000 0.00000000 0.00000000 0.00001534 0.00000000 0.00000000 0.00000000 0.00002897 0.00000000 0.00000000 0.00003579 0.00000000 0.00000000 0.00000000 0.00036470 0.00000000 0.00094585 0.00042094 0.00006306 0.00000852 0.00000000 0.00000000 0.00001023 0.00001534 0.00002386 0.00015508 0.00061182 0.00098845 0.00396233 0.00802010 0.01024923 0.00773549 0.01591067 0.02306332 0.06502822 0.11565572 0.22614422 0.19944919 0.17764871 0.04903916 0.01841589 0.02192319 0.03054999 0.01896806 0.00454858 
0.08302684 0.22608696 0.36956948 0.07753552 0.00646840 0.00845245 0.00058028 0.00244912 0.00000853 0.00111362 0.00141656 0.00047788 0.00112216 0.00162990 0.00048214 0.00121603 0.00212058 0.00034134 0.00125869 0.00374195 0.00732176 0.00456970 0.00160430 0.00450143 0.00889192 0.01079063 0.01175065 0.00707428 0.00836285 0.00821351 0.01029142 0.00943807 0.00791057 0.00817511 0.00485984 0.00328540 0.00225285 0.00216325 0.00253019 0.00259846 0.00016640 0.00046934 0.00040108 0.00259419 0.00480864 0.00788070 0.01752357 0.01515979 0.01366642 0.02164526 0.00000000 
0.00000000 0.00000000 0.00000000 0.00000000 0.00000000 0.00000000 0.00000000 0.00000000 0.00000000 0.00000000 0.00000000 0.00000000 0.00000000 0.00003718 0.00000465 0.00001859 0.00005112 0.00092013 0.00057624 0.00122219 0.00279755 0.00961020 0.00865290 0.00828578 0.01126457 0.05306987 0.04700541 0.02759448 0.01119951 0.01472201 0.01768686 0.00740283 0.01464766 0.03472777 0.02638623 0.03022938 0.03641002 0.03588025 0.06818689 0.15787126 0.17688719 0.06927896 0.02045188 0.01698515 0.02431827 0.02717624 0.02061453 0.00329944 0.00528375 0.00923379 0.00000929 
0.16088214 0.17534346 0.17952466 0.06724512 0.05338112 0.01835958 0.00704203 0.00311233 0.00075450 0.00493571 0.00080166 0.00091169 0.00262504 0.00033010 0.00150901 0.00436983 0.00075450 0.00000000 0.00520293 0.01560879 0.01559307 0.00163476 0.00103744 0.00473137 0.00993430 0.00991858 0.00707347 0.00847244 0.00463705 0.00325380 0.00419693 0.00282939 0.03222358 0.05658776 0.01890974 0.03434563 0.01402119 0.03451853 0.00116319 0.01546732 0.00023578 0.00378824 0.00037725 0.00095885 0.00304945 0.00061303 0.00165048 0.00586312 0.00000000 0.00014147 0.00007859 
0.00005989 0.00000000 0.00000000 0.00007985 0.00001996 0.00000000 0.00002662 0.00003327 0.00000000 0.00000000 0.00003992 0.00005989 0.00111124 0.00231565 0.00116448 0.00336035 0.01015424 0.01286249 0.00869033 0.02180567 0.06787240 0.11190296 0.10830306 0.06726687 0.03335063 0.03269187 0.02766133 0.02775449 0.04639944 0.04017780 0.02880585 0.01067327 0.00584235 0.00397919 0.00590224 0.00948883 0.01046033 0.01010101 0.00338031 0.00432520 0.00771217 0.01601656 0.01583689 0.01563061 0.01929705 0.02034176 0.01984270 0.02033510 0.11244860 0.02539226 0.00902304 
0.00000000 0.00000000 0.00000000 0.00000000 0.00000000 0.00000000 0.00000000 0.00000000 0.00000000 0.00001264 0.00039176 0.00025022 0.00467842 0.01139908 0.00680153 0.03838532 0.13921536 0.18581762 0.14976267 0.06162580 0.00361687 0.01397967 0.02932925 0.09310849 0.05623967 0.04064492 0.00134716 0.00593713 0.00748144 0.01261228 0.00962982 0.00276257 0.00160244 0.00202706 0.00324533 0.00471634 0.00774682 0.00695066 0.00611405 0.00692538 0.00693802 0.00949081 0.01317592 0.02150154 0.01671191 0.00719077 0.00975367 0.00067485 0.00013396 0.00007077 0.00000000 
0.01930774 0.08443841 0.14175127 0.05199314 0.10595075 0.35193511 0.04786077 0.04726376 0.00451926 0.00866830 0.00221794 0.00071708 0.00308177 0.00029350 0.00007671 0.00078045 0.00100724 0.00028683 0.00071708 0.00577998 0.01434489 0.01937444 0.00773777 0.00118735 0.00481943 0.01335766 0.01776685 0.01575904 0.00942874 0.00512294 0.00537642 0.00163427 0.00127406 0.00102726 0.00095722 0.00078045 0.00019678 0.00036354 0.00020011 0.00055699 0.00008672 0.00000000 0.00000000 0.00000000 0.00000000 0.00000000 0.00000000 0.00000000 0.00000000 0.00000000 0.00000000 
0.00000000 0.00000000 0.00000000 0.00000000 0.00000000 0.00000000 0.00000000 0.00000000 0.00000000 0.00000000 0.00010164 0.00000000 0.00000000 0.00000000 0.00000000 0.00001129 0.00002259 0.00000000 0.00013552 0.00046302 0.00255223 0.00051948 0.00086957 0.00429136 0.00256352 0.00464145 0.00849238 0.00832298 0.01704122 0.02590627 0.04142292 0.04850367 0.06523998 0.06178430 0.06648221 0.10299266 0.09627329 0.05549407 0.02690006 0.02103896 0.01622812 0.01521174 0.01238848 0.01104461 0.01635234 0.03470356 0.03032185 0.05190288 0.05805759 0.06949746 0.02222473 
0.48763314 0.27161773 0.00702111 0.00498559 0.00096313 0.00214882 0.00081744 0.00177248 0.00017806 0.00162275 0.00055440 0.00174820 0.00098336 0.00064748 0.00178057 0.00475898 0.00350448 0.00060297 0.00463757 0.01171129 0.02129803 0.01013710 0.00234307 0.00476302 0.01047298 0.01269060 0.00930347 0.00540241 0.00747030 0.00614701 0.00485205 0.00361375 0.00179271 0.00167131 0.00163084 0.00056250 0.00162275 0.00150134 0.00398200 0.00118165 0.00000000 0.00186960 0.00032779 0.00150944 0.00358542 0.00439477 0.01661999 0.01140778 0.01458853 0.02356826 0.00000000 
0.03838572 0.06179498 0.06001533 0.06905049 0.05694886 0.12761472 0.03323842 0.07074800 0.00432592 0.07956412 0.01637280 0.00566751 0.06143905 0.01842624 0.00183441 0.02050706 0.04900887 0.00402475 0.00232724 0.00282006 0.01705728 0.02828277 0.02102727 0.00446282 0.00106779 0.00290220 0.00172489 0.00147848 0.00405213 0.00427116 0.00038331 0.00506516 0.00342241 0.01076005 0.00862447 0.01555142 0.03745482 0.03597634 0.00164276 0.00251889 0.00120469 0.00125945 0.00008214 0.00008214 0.00016428 0.00000000 0.00150586 0.00002738 0.00383310 0.00000000 0.00000000 
0.07708922 0.13334911 0.10481974 0.05769487 0.41165288 0.06441854 0.00576209 0.00395728 0.00473394 0.00180481 0.00012575 0.00232259 0.00275900 0.00031806 0.00104295 0.00440848 0.00234478 0.00088761 0.00261106 0.00822522 0.01440892 0.00222643 0.00070269 0.00255929 0.00664231 0.01088066 0.00486708 0.00375017 0.00507419 0.00624288 0.00861725 0.00750033 0.00457861 0.00574730 0.00683462 0.00600618 0.00340991 0.00221903 0.00282557 0.00295131 0.00153853 0.00000000 0.00000000 0.00004438 0.00004438 0.00000000 0.00000000 0.00000000 0.00000000 0.00000000 0.00000000 
0.00000000 0.00000000 0.00046882 0.00111127 0.00687595 0.01843427 0.03641709 0.08704913 0.09831805 0.07554869 0.01650692 0.05875816 0.14554105 0.05223526 0.04392971 0.00947470 0.00900009 0.00652868 0.00524957 0.00059036 0.00306756 0.00284183 0.00204890 0.00104181 0.00137172 0.00266241 0.00446821 0.00403991 0.00537112 0.00381997 0.00594990 0.00534796 0.01053387 0.00807404 0.00795828 0.00978724 0.00931264 0.01079432 0.00407464 0.00970042 0.01328888 0.01301107 0.00830555 0.00751841 0.01070172 0.01400079 0.01015766 0.05986943 0.01147150 0.06553572 0.00183475 
0.00000000 0.00000000 0.00000000 0.00000000 0.00000000 0.00003892 0.00029673 0.00143501 0.00417368 0.00589569 0.00425151 0.01203460 0.02032845 0.02521720 0.10901670 0.21144211 0.11230992 0.01622287 0.00336618 0.00639186 0.03541304 0.08872231 0.10321344 0.03706694 0.00361427 0.00333700 0.00948077 0.00722368 0.00623133 0.00515629 0.00585191 0.00842033 0.00465526 0.00319107 0.00485470 0.00788037 0.00364832 0.00481578 0.00367264 0.00516116 0.00593460 0.01326530 0.01097901 0.00592974 0.01277885 0.01114441 0.03610379 0.00494712 0.00446555 0.01041961 0.00000000 
